SYMBOL,SERIES,DATE1,PREV_CLOSE,OPEN_PRICE,HIGH_PRICE,LOW_PRICE,LAST_PRICE,CLOSE_PRICE,AVG_PRICE,TTL_TRD_QNTY,TURNOVER_LACS,NO_OF_TRADES,DELIV_QTY,DELIV_PER,DELIVERY_PCT,DATE
20MICRONS, EQ, 13-May-2024,162.45,162.05,163.65,157.75,163.2,162.85,160.78,83041,133.51,4899, 38751, 46.66,0.4666490047085175,2024-05-13
21STCENMGM, BE, 13-May-2024,49.4,48.45,48.45,48.45,48.45,48.45,48.45,26905,13.04,19, -, -,,2024-05-13
360ONE, EQ, 13-May-2024,748.4,750.0,764.0,735.05,764.0,759.25,753.13,260125,1959.08,34227, 133920, 51.48,0.5148294089380105,2024-05-13
3IINFOLTD, EQ, 13-May-2024,36.85,36.8,37.3,35.75,36.8,37.1,36.43,627909,228.76,2961, 213109, 33.94,0.339394721209602,2024-05-13
3MINDIA, EQ, 13-May-2024,28694.3,28715.0,29170.9,28500.0,28880.0,28927.85,28866.1,4917,1419.35,2858, 2020, 41.08,0.4108196054504779,2024-05-13
3PLAND, EQ, 13-May-2024,29.9,29.9,29.9,29.05,29.9,29.75,29.78,5019,1.49,84, 4424, 88.15,0.8814504881450488,2024-05-13
5PAISA, EQ, 13-May-2024,518.8,522.7,528.75,505.0,515.4,515.6,516.89,55587,287.32,6904, 25222, 45.37,0.4537391836220699,2024-05-13
63MOONS, EQ, 13-May-2024,406.4,407.9,407.95,392.0,399.25,399.7,398.58,68000,271.03,2753, 42067, 61.86,0.6186323529411765,2024-05-13
A2ZINFRA, BE, 13-May-2024,14.15,14.05,14.5,13.55,14.1,14.2,13.93,213621,29.76,270, -, -,,2024-05-13
AAATECH, BE, 13-May-2024,115.0,118.8,118.8,109.25,114.65,111.4,113.27,44664,50.59,388, -, -,,2024-05-13
AAKASH, EQ, 13-May-2024,10.6,10.7,10.75,10.3,10.55,10.5,10.46,117305,12.27,645, 85069, 72.52,0.7251950044755126,2024-05-13
AAREYDRUGS, BE, 13-May-2024,49.8,49.8,49.8,47.4,48.15,48.6,48.42,41646,20.16,113, -, -,,2024-05-13
AARON, EQ, 13-May-2024,259.9,263.0,268.0,253.0,259.95,256.4,257.15,5791,14.89,597, 3297, 56.93,0.569331721637023,2024-05-13
AARTECH, BE, 13-May-2024,233.45,228.8,228.8,228.8,228.8,228.8,228.8,184,0.42,12, -, -,,2024-05-13
AARTIDRUGS, EQ, 13-May-2024,461.7,461.7,474.95,456.0,474.7,471.75,465.66,76587,356.63,7139, 29451, 38.45,0.38454306866700616,2024-05-13
AARTIIND, EQ, 13-May-2024,672.65,672.65,678.2,648.65,669.0,668.95,662.96,1709168,11331.08,61730, 444809, 26.02,0.2602488462222555,2024-05-13
AARTIPHARM, EQ, 13-May-2024,502.45,502.35,528.0,495.95,524.0,520.05,512.93,476891,2446.13,20991, 287634, 60.31,0.6031441146928753,2024-05-13
AARTISURF, EQ, 13-May-2024,679.9,679.9,680.0,650.0,669.8,666.05,663.74,24991,165.87,3388, 12178, 48.73,0.48729542635348727,2024-05-13
AARVEEDEN, EQ, 13-May-2024,25.9,26.3,26.3,24.65,25.1,25.55,25.37,71333,18.1,411, 43198, 60.56,0.6055822690760237,2024-05-13
AARVI, EQ, 13-May-2024,140.25,140.25,147.85,138.2,143.5,143.55,141.53,22165,31.37,863, 9951, 44.90,0.4489510489510489,2024-05-13
AAVAS, EQ, 13-May-2024,1599.65,1607.65,1620.0,1554.95,1580.0,1580.85,1582.78,128456,2033.17,21308, 70677, 55.02,0.5502039608893318,2024-05-13
ABAN, BE, 13-May-2024,64.9,64.1,65.7,63.1,63.8,63.65,63.96,38193,24.43,381, -, -,,2024-05-13
ABB, EQ, 13-May-2024,7178.35,7550.0,8188.95,7400.0,7998.95,7984.25,7796.75,3294820,256888.77,273068, 481895, 14.63,0.14625836919771035,2024-05-13
ABBOTINDIA, EQ, 13-May-2024,26370.5,26570.0,27118.95,26051.75,27090.0,27079.7,26733.38,17401,4651.88,8183, 5482, 31.50,0.3150393655537038,2024-05-13
ABCAPITAL, EQ, 13-May-2024,216.2,216.05,226.15,210.0,222.3,222.35,219.84,12784819,28106.13,78770, 1845944, 14.44,0.14438561859968452,2024-05-13
ABFRL, EQ, 13-May-2024,256.85,257.75,258.85,247.75,254.1,254.05,252.93,5938900,15021.16,36843, 2221012, 37.40,0.37397699910757887,2024-05-13
ABMINTLLTD, EQ, 13-May-2024,64.5,64.5,67.0,61.35,67.0,67.0,64.19,1604,1.03,45, 882, 54.99,0.5498753117206983,2024-05-13
ABSLAMC, EQ, 13-May-2024,537.85,543.9,543.95,530.3,530.3,531.8,535.09,266833,1427.8,11524, 177291, 66.44,0.6644268137749079,2024-05-13
ABSLBANETF, EQ, 13-May-2024,48.0,48.37,48.44,47.03,48.4,48.29,47.68,73378,34.98,605, 47713, 65.02,0.6502357654882935,2024-05-13
ABSLLIQUID, EQ, 13-May-2024,1000.0,1000.0,1000.01,999.99,999.99,999.99,1000.0,6518,65.18,36, 4872, 74.75,0.7474685486345505,2024-05-13
ABSLNN50ET, EQ, 13-May-2024,66.2,66.2,67.69,65.06,66.71,66.48,65.82,11051,7.27,295, 7027, 63.59,0.6358700570084155,2024-05-13
ACC, EQ, 13-May-2024,2360.15,2374.0,2377.95,2331.55,2368.0,2363.75,2357.17,320038,7543.84,27325, 111951, 34.98,0.34980533561639554,2024-05-13
ACCELYA, EQ, 13-May-2024,1671.5,1695.05,1711.0,1655.05,1669.9,1665.5,1674.52,21811,365.23,4076, 9658, 44.28,0.4428040896795195,2024-05-13
ACCURACY, BE, 13-May-2024,9.0,9.0,9.05,8.65,8.9,8.95,8.85,126319,11.17,845, -, -,,2024-05-13
ACE, EQ, 13-May-2024,1399.6,1381.0,1384.95,1283.0,1346.0,1345.25,1321.14,841790,11121.19,77873, 295339, 35.08,0.35084641062497773,2024-05-13
ACEINTEG, EQ, 13-May-2024,32.55,33.7,33.7,30.3,32.2,32.75,32.05,10483,3.36,135, 6442, 61.45,0.6145187446341696,2024-05-13
ACI, EQ, 13-May-2024,629.25,628.55,638.0,623.1,635.9,633.95,631.16,198161,1250.71,12988, 100138, 50.53,0.5053365697589334,2024-05-13
ACL, EQ, 13-May-2024,92.2,93.6,94.1,89.7,90.0,90.45,91.51,39646,36.28,775, 20940, 52.82,0.5281743429349746,2024-05-13
ACLGATI, EQ, 13-May-2024,107.35,107.0,107.4,104.3,106.8,106.35,105.7,192851,203.85,3182, 89394, 46.35,0.4635392090266579,2024-05-13
ADANIENSOL, EQ, 13-May-2024,990.55,990.95,1020.0,975.0,990.2,991.05,989.75,710559,7032.79,38578, 146704, 20.65,0.20646279900754194,2024-05-13
ADANIENT, EQ, 13-May-2024,2797.25,2803.0,2890.0,2790.5,2888.85,2879.6,2839.27,3784373,107448.38,115926, 2282967, 60.33,0.6032616235238968,2024-05-13
ADANIGREEN, EQ, 13-May-2024,1714.75,1710.1,1735.0,1660.0,1714.0,1715.15,1677.19,3451084,57881.34,109434, 1834762, 53.16,0.5316480271126406,2024-05-13
ADANIPORTS, EQ, 13-May-2024,1266.75,1267.0,1313.0,1261.65,1305.1,1306.4,1285.75,2495810,32089.84,97610, 780351, 31.27,0.3126644255772675,2024-05-13
ADANIPOWER, EQ, 13-May-2024,603.1,603.1,605.0,580.7,594.45,594.9,591.47,4113250,24328.63,87440, 1315348, 31.98,0.31978313985291434,2024-05-13
ADFFOODS, EQ, 13-May-2024,229.1,229.1,231.95,221.0,229.0,229.9,227.61,294270,669.79,11934, 134599, 45.74,0.4573996669725082,2024-05-13
ADL, EQ, 13-May-2024,83.7,87.5,87.5,80.45,86.75,84.95,83.59,845,0.71,34, 604, 71.48,0.714792899408284,2024-05-13
ADORWELD, EQ, 13-May-2024,1298.3,1310.0,1342.5,1305.2,1320.0,1316.9,1321.73,19561,258.54,4967, 8851, 45.25,0.45248197944890345,2024-05-13
ADROITINFO, EQ, 13-May-2024,20.35,20.5,20.5,19.65,19.75,19.75,19.86,35066,6.96,219, 29038, 82.81,0.8280955911709348,2024-05-13
ADSL, EQ, 13-May-2024,138.4,139.4,139.4,132.3,134.5,134.55,134.2,238556,320.15,5163, 87365, 36.62,0.3662242827679874,2024-05-13
ADVANIHOTR, EQ, 13-May-2024,78.05,79.0,79.75,74.15,75.65,75.35,75.58,201345,152.18,3919, 115973, 57.60,0.5759914574486578,2024-05-13
ADVENZYMES, EQ, 13-May-2024,393.8,382.0,389.75,370.35,384.8,382.4,377.8,181542,685.87,12575, 89683, 49.40,0.49400689647574664,2024-05-13
AEGISCHEM, EQ, 13-May-2024,598.6,604.6,607.5,587.45,596.4,597.1,597.09,415558,2481.24,26788, 146936, 35.36,0.35358722488798194,2024-05-13
AEROFLEX, EQ, 13-May-2024,142.95,142.05,143.1,138.9,139.8,139.85,140.66,343844,483.65,5062, 111713, 32.49,0.3248944288689057,2024-05-13
AETHER, EQ, 13-May-2024,820.9,807.0,825.5,807.0,816.1,816.85,817.92,24292,198.69,3770, 14089, 58.00,0.5799851803062737,2024-05-13
AFFLE, EQ, 13-May-2024,1079.6,1082.05,1082.8,1055.15,1082.8,1079.25,1070.6,95259,1019.85,9409, 46956, 49.29,0.49292980190848107,2024-05-13
AGARIND, EQ, 13-May-2024,807.3,816.55,838.9,795.0,829.9,829.85,814.85,35939,292.85,4254, 19769, 55.01,0.5500709535601992,2024-05-13
AGI, EQ, 13-May-2024,704.7,710.0,712.0,696.5,700.0,703.4,704.44,80588,567.69,7726, 42867, 53.19,0.5319278304462203,2024-05-13
AGRITECH, EQ, 13-May-2024,189.35,188.0,193.5,186.95,190.0,189.55,189.48,3768,7.14,342, 1948, 51.70,0.5169851380042463,2024-05-13
AGROPHOS, EQ, 13-May-2024,42.25,42.0,42.7,40.95,42.5,42.4,41.81,26478,11.07,433, 17461, 65.95,0.6594531309011255,2024-05-13
AGSTRA, EQ, 13-May-2024,69.8,70.5,70.5,67.65,69.75,69.15,68.76,63053,43.35,730, 41057, 65.12,0.6511506193202544,2024-05-13
AHL, EQ, 13-May-2024,408.8,410.8,413.85,395.65,408.0,408.95,407.28,61949,252.31,1910, 35530, 57.35,0.5735362959854073,2024-05-13
AHLADA, EQ, 13-May-2024,116.6,117.65,118.4,112.1,117.0,116.75,115.19,82056,94.52,711, 46335, 56.47,0.5646753436677391,2024-05-13
AHLEAST, EQ, 13-May-2024,141.05,141.2,148.75,139.0,145.65,147.6,145.83,39223,57.2,860, 20112, 51.28,0.5127603701909594,2024-05-13
AHLUCONT, EQ, 13-May-2024,1080.15,1077.6,1127.3,1052.95,1114.0,1113.95,1093.14,51893,567.26,12098, 25217, 48.59,0.4859422272753551,2024-05-13
AIAENG, EQ, 13-May-2024,3764.3,3777.65,3814.05,3720.15,3788.95,3774.6,3759.36,30136,1132.92,11593, 14265, 47.34,0.47335412795327847,2024-05-13
AIIL, EQ, 13-May-2024,764.45,736.0,786.25,736.0,768.0,762.45,753.87,19741,148.82,2733, 7707, 39.04,0.3904057545210476,2024-05-13
AIRAN, EQ, 13-May-2024,24.9,24.95,25.2,24.25,24.6,24.65,24.64,168687,41.56,1134, 119496, 70.84,0.7083889096373758,2024-05-13
AIROLAM, EQ, 13-May-2024,155.15,152.0,157.4,152.0,152.5,152.85,153.18,9681,14.83,697, 4206, 43.45,0.4344592500774713,2024-05-13
AJANTPHARM, EQ, 13-May-2024,2377.4,2385.5,2394.95,2350.7,2379.95,2380.25,2372.12,64649,1533.56,12946, 26576, 41.11,0.4110813779022104,2024-05-13
AJMERA, EQ, 13-May-2024,783.45,780.05,782.8,746.0,757.0,759.6,762.9,187712,1432.06,15744, 53342, 28.42,0.28416936583702695,2024-05-13
AJOONI, EQ, 13-May-2024,6.65,6.75,6.8,6.45,6.5,6.55,6.59,919737,60.57,1447, 469440, 51.04,0.5104067793293082,2024-05-13
AKASH, EQ, 13-May-2024,36.5,37.2,37.2,35.8,35.9,36.15,36.16,9546,3.45,143, 6057, 63.45,0.6345065996228787,2024-05-13
AKG, EQ, 13-May-2024,19.5,19.5,19.9,19.25,19.7,19.65,19.49,13285,2.59,195, 9249, 69.62,0.6961987203613097,2024-05-13
AKI, EQ, 13-May-2024,20.15,20.45,20.45,20.0,20.4,20.2,20.08,29461,5.92,145, 26713, 90.67,0.9067241437833068,2024-05-13
AKSHAR, BE, 13-May-2024,2.3,2.25,2.4,2.25,2.4,2.4,2.39,1100628,26.27,1578, -, -,,2024-05-13
AKSHARCHEM, EQ, 13-May-2024,261.8,256.3,262.45,256.1,259.0,258.75,258.07,7052,18.2,612, 3261, 46.24,0.4624220079410096,2024-05-13
AKSHOPTFBR, BE, 13-May-2024,9.05,9.05,9.2,8.7,8.9,9.1,8.92,179066,15.97,374, -, -,,2024-05-13
AKZOINDIA, EQ, 13-May-2024,2494.8,2500.0,2525.0,2488.55,2505.1,2515.35,2508.77,9967,250.05,2500, 5509, 55.27,0.552723989164242,2024-05-13
ALANKIT, BE, 13-May-2024,17.25,17.25,18.1,17.05,17.6,17.55,17.68,263329,46.56,701, -, -,,2024-05-13
ALBERTDAVD, EQ, 13-May-2024,1120.0,1148.3,1228.0,1110.15,1204.0,1201.95,1186.71,52601,624.22,3745, 19753, 37.55,0.37552518012965536,2024-05-13
ALEMBICLTD, EQ, 13-May-2024,88.5,88.7,89.35,85.3,87.25,87.65,87.52,559622,489.78,3974, 280693, 50.16,0.501576063843094,2024-05-13
ALICON, EQ, 13-May-2024,845.85,855.0,855.95,830.2,842.25,846.7,843.43,13496,113.83,2050, 8344, 61.83,0.6182572614107884,2024-05-13
ALKALI, EQ, 13-May-2024,110.2,110.2,111.5,108.05,109.6,109.95,109.64,4519,4.95,183, 2792, 61.78,0.6178358043815003,2024-05-13
ALKEM, EQ, 13-May-2024,5128.9,5150.0,5250.0,5096.0,5226.75,5210.45,5182.16,105586,5471.64,19683, 35957, 34.05,0.3405470422215066,2024-05-13
ALKYLAMINE, EQ, 13-May-2024,1976.9,1980.0,1996.95,1935.55,1954.45,1948.8,1951.8,27246,531.79,6518, 14496, 53.20,0.5320414005725611,2024-05-13
ALLCARGO, EQ, 13-May-2024,67.35,67.25,69.4,66.7,68.1,68.0,68.11,1899234,1293.64,12823, 473609, 24.94,0.2493684295879286,2024-05-13
ALLSEC, EQ, 13-May-2024,982.25,1026.9,1045.0,992.35,1035.0,1029.85,1021.89,136143,1391.24,6763, 58165, 42.72,0.4272345989143768,2024-05-13
ALMONDZ, BE, 13-May-2024,106.5,103.15,109.0,103.15,108.95,108.75,107.0,13992,14.97,137, -, -,,2024-05-13
ALOKINDS, EQ, 13-May-2024,26.0,26.1,26.2,25.05,25.5,25.5,25.4,4626898,1175.08,16773, 2375440, 51.34,0.513397961225858,2024-05-13
ALPA, EQ, 13-May-2024,90.05,92.5,92.5,88.65,89.15,89.2,89.2,16955,15.12,304, 11349, 66.94,0.6693600707755825,2024-05-13
ALPHA, EQ, 13-May-2024,47.22,48.65,48.65,46.03,47.2,47.12,46.55,657851,306.22,4823, 448606, 68.19,0.6819264544706932,2024-05-13
ALPHAETF, EQ, 13-May-2024,24.27,24.5,24.5,23.61,24.3,24.38,23.93,217779,52.13,984, 159542, 73.26,0.7325867048705339,2024-05-13
ALPHAGEO, EQ, 13-May-2024,357.05,351.2,363.05,347.2,358.9,358.0,352.32,32197,113.44,1211, 22158, 68.82,0.6882007640463397,2024-05-13
ALPL30IETF, EQ, 13-May-2024,27.09,27.78,27.78,26.71,27.17,27.13,27.05,1086189,293.8,1373, 1041516, 95.89,0.9588717985543952,2024-05-13
ALPSINDUS, BE, 13-May-2024,3.25,3.35,3.4,3.1,3.4,3.4,3.35,149723,5.02,521, -, -,,2024-05-13
AMBER, EQ, 13-May-2024,3803.25,3805.0,3805.0,3668.05,3792.35,3797.85,3746.06,85363,3197.75,13487, 28687, 33.61,0.3360589482562703,2024-05-13
AMBICAAGAR, EQ, 13-May-2024,27.85,28.95,28.95,27.35,28.3,28.15,27.69,9806,2.72,148, 6075, 61.95,0.6195186620436467,2024-05-13
AMBIKCO, EQ, 13-May-2024,1515.8,1512.6,1530.8,1475.65,1513.5,1520.7,1509.17,4456,67.25,895, 2412, 54.13,0.5412926391382405,2024-05-13
AMBUJACEM, EQ, 13-May-2024,581.8,584.05,591.75,569.4,586.3,588.2,580.53,2203837,12793.83,54125, 830823, 37.70,0.37698931454549495,2024-05-13
AMDIND, EQ, 13-May-2024,70.25,68.25,71.25,66.7,67.1,67.3,68.17,40745,27.78,624, 29910, 73.41,0.7340778009571727,2024-05-13
AMIORG, EQ, 13-May-2024,1206.9,1214.8,1282.95,1193.4,1228.0,1231.0,1242.65,848984,10549.87,54971, 353220, 41.61,0.4160502435852737,2024-05-13
AMJLAND, EQ, 13-May-2024,36.9,37.6,37.6,35.55,36.0,36.2,36.22,55422,20.08,494, 35258, 63.62,0.6361733607592652,2024-05-13
AMNPLST, EQ, 13-May-2024,196.05,194.55,204.0,190.35,198.7,198.65,196.84,7321,14.41,587, 4333, 59.19,0.5918590356508674,2024-05-13
AMRUTANJAN, EQ, 13-May-2024,747.65,747.65,753.65,730.95,736.8,735.25,737.3,23102,170.33,2824, 11537, 49.94,0.4993939918621764,2024-05-13
ANANDRATHI, EQ, 13-May-2024,3954.9,3997.25,3998.95,3850.0,3950.1,3951.15,3908.49,17365,678.71,4971, 9398, 54.12,0.5412035704002304,2024-05-13
ANANTRAJ, EQ, 13-May-2024,368.8,369.0,378.0,362.55,372.55,372.8,369.59,7043458,26031.89,45551, 4836123, 68.66,0.6866120306247301,2024-05-13
ANDHRAPAP, EQ, 13-May-2024,516.9,521.1,525.45,508.7,522.6,519.5,517.11,51277,265.16,4094, 25345, 49.43,0.4942761862043411,2024-05-13
ANDHRSUGAR, EQ, 13-May-2024,101.4,102.0,102.4,99.3,100.4,100.35,100.13,117137,117.29,2042, 71560, 61.09,0.6109085942101983,2024-05-13
ANGELONE, EQ, 13-May-2024,2470.15,2485.95,2527.95,2401.0,2484.85,2476.95,2443.21,817772,19979.92,62760, 507474, 62.06,0.6205568300210816,2024-05-13
ANIKINDS, EQ, 13-May-2024,51.3,54.8,54.8,50.2,51.4,50.5,50.85,11123,5.66,185, 8224, 73.94,0.7393688753034253,2024-05-13
ANKITMETAL, BE, 13-May-2024,4.05,4.05,4.2,3.85,4.05,4.05,3.99,46672,1.86,112, -, -,,2024-05-13
ANMOL, EQ, 13-May-2024,36.55,36.85,37.45,35.5,36.75,36.8,36.47,288567,105.25,1794, 142975, 49.55,0.49546552447092007,2024-05-13
ANSALAPI, BZ, 13-May-2024,9.95,9.45,9.45,9.45,9.45,9.45,9.45,3548,0.34,18, -, -,,2024-05-13
ANTGRAPHIC, BE, 13-May-2024,1.5,1.55,1.55,1.45,1.55,1.55,1.5,433129,6.48,963, -, -,,2024-05-13
ANUP, EQ, 13-May-2024,1815.35,1819.0,1884.0,1740.0,1788.9,1778.1,1777.94,38775,689.39,9205, 19078, 49.20,0.4920180528691167,2024-05-13
ANURAS, EQ, 13-May-2024,788.75,788.75,791.9,776.0,787.0,788.4,783.24,84804,664.22,7628, 46671, 55.03,0.5503396066223292,2024-05-13
APARINDS, EQ, 13-May-2024,7636.2,7636.25,7780.0,7512.0,7750.0,7731.65,7670.84,85507,6559.11,19794, 20672, 24.18,0.24175798472639667,2024-05-13
APCL, EQ, 13-May-2024,172.6,173.95,178.45,170.95,172.55,172.95,173.7,8198,14.24,524, 2243, 27.36,0.2736033178824103,2024-05-13
APCOTEXIND, EQ, 13-May-2024,408.4,409.25,409.5,399.45,404.75,405.0,404.03,28511,115.19,3580, 15973, 56.02,0.5602399074041597,2024-05-13
APEX, EQ, 13-May-2024,216.15,216.0,220.65,211.5,216.8,217.4,215.76,54108,116.74,3769, 22955, 42.42,0.4242441043838249,2024-05-13
APLAPOLLO, EQ, 13-May-2024,1535.45,1498.85,1580.0,1439.05,1550.5,1565.0,1524.42,936567,14277.23,47738, 420436, 44.89,0.4489118237136265,2024-05-13
APLLTD, EQ, 13-May-2024,975.6,990.05,994.9,951.05,951.05,953.3,961.22,54620,525.02,8331, 26224, 48.01,0.4801171731966313,2024-05-13
APOLLO, EQ, 13-May-2024,101.6,104.0,104.0,97.5,99.95,99.6,99.46,616444,613.14,9575, 401098, 65.07,0.6506641316972831,2024-05-13
APOLLOHOSP, EQ, 13-May-2024,5842.45,5820.0,5842.4,5790.2,5830.85,5830.15,5818.67,348407,20272.67,48166, 217645, 62.47,0.6246860711753782,2024-05-13
APOLLOPIPE, EQ, 13-May-2024,596.15,598.6,623.9,596.15,616.0,611.65,608.73,55611,338.52,7097, 25051, 45.05,0.45046843250436064,2024-05-13
APOLLOTYRE, EQ, 13-May-2024,480.75,484.95,485.65,472.8,480.15,477.85,477.86,999769,4777.47,25666, 207026, 20.71,0.20707383405566687,2024-05-13
APOLSINHOT, EQ, 13-May-2024,1693.0,1689.0,1710.0,1654.3,1710.0,1698.05,1672.56,2328,38.94,624, 1563, 67.14,0.6713917525773195,2024-05-13
APTECHT, EQ, 13-May-2024,223.05,224.05,225.35,215.3,218.95,218.6,218.87,278779,610.16,10791, 129832, 46.57,0.4657165711907999,2024-05-13
APTUS, EQ, 13-May-2024,321.55,323.2,323.65,313.05,314.5,318.1,316.17,223797,707.57,11593, 136036, 60.79,0.6078544395143813,2024-05-13
ARCHIDPLY, BE, 13-May-2024,117.2,117.2,120.5,112.6,115.0,115.6,114.8,18441,21.17,283, -, -,,2024-05-13
ARCHIES, BE, 13-May-2024,28.0,28.8,28.8,26.7,27.5,27.7,27.43,26002,7.13,145, -, -,,2024-05-13
ARE&M, EQ, 13-May-2024,1071.95,1070.0,1078.5,1013.35,1064.0,1065.55,1048.38,1255490,13162.35,58523, 395287, 31.48,0.31484679288564626,2024-05-13
ARENTERP, EQ, 13-May-2024,44.75,45.85,45.9,44.2,44.3,44.35,44.42,959,0.43,46, 780, 81.33,0.8133472367049009,2024-05-13
ARIES, EQ, 13-May-2024,243.5,243.5,243.5,232.75,241.45,239.95,237.13,68290,161.94,3629, 31371, 45.94,0.4593791184653683,2024-05-13
ARIHANTCAP, EQ, 13-May-2024,59.0,59.5,62.1,57.1,60.5,60.15,60.03,264320,158.66,1890, 142813, 54.03,0.5403034200968523,2024-05-13
ARIHANTSUP, EQ, 13-May-2024,339.25,339.25,353.9,331.25,336.5,343.1,340.15,14446,49.14,1134, 6610, 45.76,0.4575661082652637,2024-05-13
ARMANFIN, EQ, 13-May-2024,2031.15,2000.7,2040.0,1970.0,2008.0,2001.9,1996.83,13235,264.28,2504, 6959, 52.58,0.5258027956176804,2024-05-13
AROGRANITE, EQ, 13-May-2024,51.3,53.0,53.0,51.1,51.75,51.35,51.4,12464,6.41,189, 8119, 65.14,0.6513960205391528,2024-05-13
ARROWGREEN, EQ, 13-May-2024,499.8,509.0,510.0,479.05,493.55,495.65,495.51,45478,225.35,2873, 20174, 44.36,0.44359910286292276,2024-05-13
ARSHIYA, BE, 13-May-2024,6.05,5.75,6.35,5.75,6.35,6.3,5.87,920101,54.01,444, -, -,,2024-05-13
ARSSINFRA, BE, 13-May-2024,20.5,20.5,21.4,19.65,20.0,20.0,20.08,7483,1.5,47, -, -,,2024-05-13
ARTEMISMED, EQ, 13-May-2024,178.7,184.0,184.0,177.15,181.0,181.15,180.84,160512,290.27,8982, 62323, 38.83,0.3882762659489633,2024-05-13
ARTNIRMAN, BE, 13-May-2024,61.0,61.0,61.1,60.0,61.0,61.0,60.99,1872,1.14,20, -, -,,2024-05-13
ARVEE, BE, 13-May-2024,196.85,190.1,198.95,190.1,198.75,198.75,194.45,3889,7.56,83, -, -,,2024-05-13
ARVIND, EQ, 13-May-2024,360.5,359.9,376.1,359.85,372.45,370.05,368.64,865715,3191.39,32959, 500394, 57.80,0.5780123943792126,2024-05-13
ARVINDFASN, EQ, 13-May-2024,455.4,458.0,459.0,445.4,457.0,454.65,453.14,74738,338.67,9093, 31886, 42.66,0.4266370521020097,2024-05-13
ARVSMART, EQ, 13-May-2024,665.3,664.75,665.45,634.0,654.0,653.15,647.13,86642,560.68,8500, 43484, 50.19,0.501881304679024,2024-05-13
ASAHIINDIA, EQ, 13-May-2024,608.15,613.7,613.7,584.1,590.9,588.55,594.48,179836,1069.09,10944, 90415, 50.28,0.5027636290842767,2024-05-13
ASAHISONG, EQ, 13-May-2024,360.2,360.05,366.5,352.5,355.0,354.4,358.44,16561,59.36,1162, 9171, 55.38,0.5537709075538917,2024-05-13
ASAL, EQ, 13-May-2024,864.05,869.85,895.85,820.0,842.0,843.8,843.8,83217,702.18,4956, 34407, 41.35,0.413461191823786,2024-05-13
ASALCBR, EQ, 13-May-2024,510.95,518.6,539.4,510.0,538.4,536.75,524.96,87124,457.36,10800, 45111, 51.78,0.5177792571507277,2024-05-13
ASHAPURMIN, EQ, 13-May-2024,312.45,318.95,330.05,313.0,325.5,325.15,322.55,257649,831.06,13580, 132760, 51.53,0.5152746566064685,2024-05-13
ASHIANA, EQ, 13-May-2024,358.55,359.9,363.05,344.0,355.6,355.85,354.29,139945,495.81,12355, 60668, 43.35,0.43351316588659833,2024-05-13
ASHIMASYN, EQ, 13-May-2024,20.95,21.3,24.1,21.3,22.85,22.95,22.86,3324167,759.87,7473, 1272519, 38.28,0.3828083847772991,2024-05-13
ASHOKA, EQ, 13-May-2024,166.25,165.95,167.6,162.9,166.5,165.95,165.23,653307,1079.44,25767, 298563, 45.70,0.4570026036763727,2024-05-13
ASHOKAMET, BE, 13-May-2024,20.3,20.0,21.3,19.4,21.0,20.4,19.46,545366,106.14,292, -, -,,2024-05-13
ASHOKLEY, EQ, 13-May-2024,198.3,199.55,199.95,190.05,199.0,199.35,195.99,18601645,36457.59,93393, 6030488, 32.42,0.32419111320531063,2024-05-13
ASIANENE, EQ, 13-May-2024,293.75,290.1,293.55,282.35,286.0,287.05,289.21,28881,83.53,1113, 16346, 56.60,0.5659776323534503,2024-05-13
ASIANHOTNR, BE, 13-May-2024,139.0,139.0,145.9,135.4,144.0,144.3,143.72,5892,8.47,33, -, -,,2024-05-13
ASIANPAINT, EQ, 13-May-2024,2771.25,2771.25,2895.0,2754.1,2878.0,2879.25,2851.84,2748823,78391.98,122123, 1483255, 53.96,0.5395964018054272,2024-05-13
ASIANTILES, EQ, 13-May-2024,58.0,58.1,58.8,56.55,58.1,57.85,57.41,292937,168.18,2433, 143891, 49.12,0.49120117977585626,2024-05-13
ASKAUTOLTD, EQ, 13-May-2024,296.25,296.0,297.4,289.85,295.0,295.8,293.63,82742,242.95,2296, 39159, 47.33,0.473266297648111,2024-05-13
ASMS, EQ, 13-May-2024,22.6,23.05,23.05,22.15,22.15,22.15,22.3,11068,2.47,175, 10383, 93.81,0.938109866281171,2024-05-13
ASPINWALL, EQ, 13-May-2024,268.35,268.65,270.05,259.05,268.9,265.95,262.62,7010,18.41,296, 4311, 61.50,0.6149786019971469,2024-05-13
ASTEC, EQ, 13-May-2024,1198.05,1208.9,1220.2,1181.0,1188.0,1190.05,1195.75,24430,292.12,3482, 11099, 45.43,0.4543184609087188,2024-05-13
ASTERDM, EQ, 13-May-2024,344.35,345.05,345.05,338.0,341.9,341.5,341.23,780551,2663.44,24165, 414495, 53.10,0.5310287220181641,2024-05-13
ASTRAL, EQ, 13-May-2024,2158.65,2174.9,2228.0,2119.2,2215.1,2215.55,2179.15,1447510,31543.37,83477, 370735, 25.61,0.2561191287106825,2024-05-13
ASTRAMICRO, EQ, 13-May-2024,698.9,698.85,698.85,673.0,690.0,694.7,687.81,558042,3838.27,25227, 265720, 47.62,0.4761648764788313,2024-05-13
ASTRAZEN, EQ, 13-May-2024,5259.55,5259.0,5344.55,5140.0,5342.0,5312.55,5264.33,6979,367.4,2337, 2781, 39.85,0.39848115775899123,2024-05-13
ASTRON, BE, 13-May-2024,20.6,21.0,21.0,19.6,20.2,20.1,19.84,81279,16.13,228, -, -,,2024-05-13
ATALREAL, BE, 13-May-2024,8.6,8.95,8.95,8.3,8.6,8.6,8.54,104725,8.95,287, -, -,,2024-05-13
ATAM, BE, 13-May-2024,217.5,220.0,224.95,207.0,212.0,211.1,211.25,21501,45.42,319, -, -,,2024-05-13
ATFL, EQ, 13-May-2024,719.8,719.85,721.4,699.55,705.05,706.65,705.15,7588,53.51,774, 5019, 66.14,0.6614391143911439,2024-05-13
ATGL, EQ, 13-May-2024,867.05,875.0,889.95,849.1,862.25,861.85,863.21,784492,6771.82,40424, 252611, 32.20,0.32200583307414227,2024-05-13
ATL, EQ, 13-May-2024,53.15,52.55,53.55,50.85,53.1,52.6,52.26,497655,260.06,3816, 214155, 43.03,0.4303282394429876,2024-05-13
ATLANTAA, BE, 13-May-2024,29.95,29.2,30.9,28.75,29.25,29.7,29.59,33675,9.97,160, -, -,,2024-05-13
ATUL, EQ, 13-May-2024,5975.9,5975.9,5998.8,5863.25,5945.0,5933.6,5920.4,34143,2021.4,8204, 12783, 37.44,0.3743959230296108,2024-05-13
ATULAUTO, EQ, 13-May-2024,562.95,562.95,562.95,539.55,546.1,550.7,549.48,152251,836.6,11107, 59916, 39.35,0.3935343610222593,2024-05-13
AUBANK, EQ, 13-May-2024,635.1,635.9,636.0,618.25,634.5,633.85,628.32,2409926,15142.15,72868, 860214, 35.69,0.35694622988423713,2024-05-13
AURIONPRO, BE, 13-May-2024,2498.3,2548.0,2548.0,2381.1,2519.5,2473.15,2465.41,7740,190.82,1332, -, -,,2024-05-13
AUROPHARMA, EQ, 13-May-2024,1127.55,1127.5,1185.5,1117.0,1181.4,1177.6,1158.41,3504915,40601.35,91234, 1641689, 46.84,0.4683962378545557,2024-05-13
AURUM, EQ, 13-May-2024,143.65,148.0,149.4,142.5,146.85,145.75,145.22,75600,109.79,836, 52371, 69.27,0.6927380952380953,2024-05-13
AUSOMENT, EQ, 13-May-2024,91.45,93.4,95.6,90.05,95.6,95.0,93.28,20253,18.89,514, 9993, 49.34,0.49340838394311953,2024-05-13
AUTOAXLES, EQ, 13-May-2024,1873.65,1883.05,1929.9,1847.1,1901.25,1907.75,1884.46,10153,191.33,2240, 5195, 51.17,0.511671427164385,2024-05-13
AUTOBEES, EQ, 13-May-2024,231.61,231.61,233.99,224.6,228.75,228.29,226.9,267641,607.28,6530, 139517, 52.13,0.5212841081897018,2024-05-13
AUTOIETF, EQ, 13-May-2024,23.15,23.27,23.27,22.49,22.87,22.81,22.69,544203,123.49,3310, 444982, 81.77,0.817676492044329,2024-05-13
AUTOIND, EQ, 13-May-2024,118.05,118.0,118.35,113.0,116.85,116.4,115.19,69938,80.56,1555, 40874, 58.44,0.5844319254196574,2024-05-13
AVADHSUGAR, EQ, 13-May-2024,556.05,554.0,593.5,541.0,584.5,573.2,563.27,165105,929.99,9757, 25665, 15.54,0.15544653402380304,2024-05-13
AVALON, EQ, 13-May-2024,507.55,507.9,508.9,490.1,490.8,492.3,496.65,90509,449.51,6059, 50083, 55.33,0.5533482858058315,2024-05-13
AVANTIFEED, EQ, 13-May-2024,520.1,516.0,517.9,505.0,510.0,509.8,510.6,212865,1086.88,12102, 94648, 44.46,0.4446386207220539,2024-05-13
AVG, EQ, 13-May-2024,538.0,539.0,539.0,506.35,514.5,514.35,518.36,44477,230.55,3856, 27917, 62.77,0.627672729725476,2024-05-13
AVONMORE, EQ, 13-May-2024,118.55,120.0,120.0,115.0,118.75,118.65,117.85,58025,68.38,1015, 26127, 45.03,0.450271434726411,2024-05-13
AVROIND, EQ, 13-May-2024,130.0,125.0,127.4,120.0,124.65,124.45,123.43,185200,228.6,3936, 30134, 16.27,0.16271058315334774,2024-05-13
AVTNPL, EQ, 13-May-2024,90.5,92.0,92.1,87.75,89.8,89.65,89.3,161962,144.63,2804, 55545, 34.30,0.34295081562341784,2024-05-13
AWHCL, EQ, 13-May-2024,470.25,468.55,484.95,460.35,468.5,466.1,467.46,59089,276.22,6200, 27384, 46.34,0.46343651102574085,2024-05-13
AWL, EQ, 13-May-2024,332.35,334.1,334.9,327.5,332.0,330.9,330.82,827737,2738.34,19544, 394361, 47.64,0.4764327316526868,2024-05-13
AXISBANK, EQ, 13-May-2024,1120.1,1120.1,1135.4,1105.05,1133.75,1132.0,1121.13,5513160,61809.95,224158, 2314586, 41.98,0.4198292812107757,2024-05-13
AXISBNKETF, EQ, 13-May-2024,481.43,497.7,497.7,478.19,485.86,485.67,481.91,3597,17.33,104, 3540, 98.42,0.9841534612176814,2024-05-13
AXISBPSETF, EQ, 13-May-2024,11.72,12.05,13.3,11.69,11.73,11.72,11.73,37611,4.41,456, 30082, 79.98,0.799819201829252,2024-05-13
AXISCADES, EQ, 13-May-2024,612.25,613.8,619.85,575.1,585.0,585.2,589.88,65668,387.36,8100, 28386, 43.23,0.43226533471401596,2024-05-13
AXISCETF, EQ, 13-May-2024,105.87,105.9,105.93,104.35,105.88,105.56,105.28,2194,2.31,55, 1702, 77.58,0.7757520510483136,2024-05-13
AXISGOLD, EQ, 13-May-2024,62.15,64.0,64.0,61.3,61.41,61.42,61.76,81667,50.44,1618, 59842, 73.28,0.732756192831866,2024-05-13
AXISHCETF, EQ, 13-May-2024,118.87,119.2,121.15,118.65,121.15,120.94,119.37,4833,5.77,126, 2779, 57.50,0.5750051727705359,2024-05-13
AXISILVER, EQ, 13-May-2024,85.29,85.18,85.18,83.58,85.0,84.97,84.65,7097,6.01,147, 3574, 50.36,0.503593067493307,2024-05-13
AXISNIFTY, EQ, 13-May-2024,237.64,242.3,242.3,235.0,238.76,238.62,236.47,5294,12.52,243, 5095, 96.24,0.9624102757839063,2024-05-13
AXISTECETF, EQ, 13-May-2024,347.64,343.11,352.48,343.11,350.5,348.38,346.34,2681,9.29,162, 1870, 69.75,0.6975009324878777,2024-05-13
AXITA, EQ, 13-May-2024,22.2,22.2,22.3,21.95,22.0,22.0,22.09,913463,201.81,2529, 276307, 30.25,0.30248296865882907,2024-05-13
AXSENSEX, EQ, 13-May-2024,73.47,74.94,74.94,72.52,73.69,73.69,73.18,2525,1.85,71, 2319, 91.84,0.9184158415841585,2024-05-13
AYMSYNTEX, EQ, 13-May-2024,86.1,87.85,89.0,84.05,87.5,87.65,86.21,19973,17.22,410, 9811, 49.12,0.49121313773594355,2024-05-13
AZAD, EQ, 13-May-2024,1274.8,1274.0,1277.35,1250.1,1258.0,1261.2,1261.94,70901,894.73,6783, 37683, 53.15,0.5314875671711259,2024-05-13
BAFNAPH, BE, 13-May-2024,104.8,99.6,99.6,99.6,99.6,99.6,99.6,384,0.38,15, -, -,,2024-05-13
BAGFILMS, BE, 13-May-2024,7.7,7.7,8.05,7.55,8.05,8.05,7.96,234661,18.69,451, -, -,,2024-05-13
BAIDFIN, EQ, 13-May-2024,24.0,24.4,24.6,22.75,22.95,23.15,23.62,516044,121.88,3298, 290571, 56.31,0.5630740789545078,2024-05-13
BAJAJ-AUTO, EQ, 13-May-2024,8981.8,9022.9,9025.0,8870.5,8961.05,8992.3,8957.26,435605,39018.29,87581, 252473, 57.96,0.5795916024839017,2024-05-13
BAJAJCON, EQ, 13-May-2024,244.95,245.05,245.9,238.1,239.0,239.1,240.29,336519,808.63,9513, 178789, 53.13,0.5312894665680096,2024-05-13
BAJAJELEC, EQ, 13-May-2024,927.8,929.6,932.0,900.6,922.0,921.3,916.2,49585,454.3,6206, 25249, 50.92,0.5092064132298074,2024-05-13
BAJAJFINSV, EQ, 13-May-2024,1572.7,1574.0,1587.0,1556.3,1577.5,1580.55,1573.05,466042,7331.09,39499, 152256, 32.67,0.32670016865432727,2024-05-13
BAJAJHCARE, EQ, 13-May-2024,305.05,302.25,305.0,298.05,302.0,300.65,300.51,41539,124.83,3239, 21221, 51.09,0.5108693035460652,2024-05-13
BAJAJHIND, EQ, 13-May-2024,31.95,32.25,32.25,30.65,31.4,31.45,31.3,10910974,3414.89,18612, 3750489, 34.37,0.34373549052541047,2024-05-13
BAJAJHLDNG, EQ, 13-May-2024,8431.55,8431.55,8433.1,8338.65,8405.0,8405.75,8389.31,11773,987.67,4513, 7257, 61.64,0.6164104306463943,2024-05-13
BAJEL, EQ, 13-May-2024,256.3,257.0,257.0,245.1,251.0,251.0,250.99,355571,892.44,6722, 168590, 47.41,0.47413877959676126,2024-05-13
BAJFINANCE, EQ, 13-May-2024,6684.15,6684.0,6744.3,6620.0,6725.0,6718.75,6688.0,512256,34259.68,57932, 208595, 40.72,0.4072085051224388,2024-05-13
BALAJITELE, EQ, 13-May-2024,71.15,72.0,72.0,68.05,69.0,68.95,69.37,208095,144.36,1442, 148716, 71.47,0.7146543645930945,2024-05-13
BALAMINES, EQ, 13-May-2024,2185.5,2150.0,2220.0,2142.35,2198.0,2191.95,2177.95,80452,1752.2,11843, 22651, 28.15,0.2815467608014717,2024-05-13
BALAXI, EQ, 13-May-2024,599.65,600.0,634.4,579.8,618.0,620.15,597.12,11895,71.03,665, 7934, 66.70,0.6670029424127785,2024-05-13
BALKRISHNA, EQ, 13-May-2024,23.35,24.45,25.65,21.0,21.9,21.6,22.55,465192,104.91,1961, 243490, 52.34,0.5234182875027945,2024-05-13
BALKRISIND, EQ, 13-May-2024,2477.75,2475.2,2489.45,2427.0,2469.0,2472.8,2453.93,160684,3943.08,18392, 75409, 46.93,0.469299992531926,2024-05-13
BALMLAWRIE, EQ, 13-May-2024,276.45,277.9,289.2,270.2,288.15,287.7,280.52,1076313,3019.26,26132, 400760, 37.23,0.3723452192810084,2024-05-13
BALPHARMA, EQ, 13-May-2024,97.65,98.0,99.7,95.15,99.7,98.9,97.31,15842,15.42,361, 8921, 56.31,0.563123343012246,2024-05-13
BALRAMCHIN, EQ, 13-May-2024,374.35,374.45,374.8,367.0,371.3,372.5,370.78,453068,1679.89,11254, 186902, 41.25,0.41252527214457874,2024-05-13
BALUFORGE, EQ, 13-May-2024,297.95,300.0,308.3,286.7,304.0,302.4,302.0,1395870,4215.55,32904, 746438, 53.47,0.5347475051401634,2024-05-13
BANARBEADS, EQ, 13-May-2024,89.3,88.85,90.85,87.05,87.6,88.45,88.19,4499,3.97,489, 1803, 40.08,0.4007557234941098,2024-05-13
BANARISUG, EQ, 13-May-2024,2504.8,2537.0,2538.65,2476.6,2477.0,2488.5,2503.28,468,11.72,175, 204, 43.59,0.4358974358974359,2024-05-13
BANCOINDIA, EQ, 13-May-2024,578.4,580.0,580.0,557.0,575.85,573.85,566.82,96001,544.15,11932, 35463, 36.94,0.3694024020583119,2024-05-13
BANDHANBNK, EQ, 13-May-2024,187.05,188.5,189.75,183.6,188.25,188.15,187.02,7875556,14728.82,42366, 2349750, 29.84,0.29835988722574,2024-05-13
BANG, EQ, 13-May-2024,48.05,49.4,49.4,47.25,49.2,49.0,48.18,2840,1.37,72, 1670, 58.80,0.5880281690140845,2024-05-13
BANKA, BE, 13-May-2024,89.4,89.4,89.4,84.95,88.0,87.1,87.36,23430,20.47,221, -, -,,2024-05-13
BANKBARODA, EQ, 13-May-2024,254.85,260.3,261.8,251.55,259.5,259.05,258.16,31581807,81530.87,172075, 7767485, 24.59,0.24594808650435993,2024-05-13
BANKBEES, EQ, 13-May-2024,485.84,486.73,489.9,481.5,489.9,489.1,484.74,838770,4065.84,13882, 498946, 59.49,0.5948543700895359,2024-05-13
BANKBETF, EQ, 13-May-2024,47.4,47.41,47.98,47.19,47.82,47.7,47.42,38801,18.4,94, 31270, 80.59,0.8059070642509214,2024-05-13
BANKETF, EQ, 13-May-2024,475.23,475.24,498.65,471.45,498.65,481.32,473.48,39454,186.81,187, 33408, 84.68,0.8467582501140569,2024-05-13
BANKETFADD, EQ, 13-May-2024,47.98,48.07,48.41,47.2,48.41,48.22,47.73,7023,3.35,120, 3288, 46.82,0.46817599316531394,2024-05-13
BANKIETF, EQ, 13-May-2024,48.14,49.3,49.3,47.64,48.4,48.45,47.97,172967,82.96,1138, 134989, 78.04,0.7804321055461446,2024-05-13
BANKINDIA, EQ, 13-May-2024,138.75,128.0,131.0,121.5,124.7,124.6,124.65,57308261,71432.46,195932, 26138097, 45.61,0.45609649540752945,2024-05-13
BANKNIFTY1, EQ, 13-May-2024,485.67,485.71,490.0,481.21,488.9,488.99,487.47,50331,245.35,657, 29403, 58.42,0.584192644692138,2024-05-13
BANSWRAS, EQ, 13-May-2024,147.35,147.45,147.45,142.45,143.15,143.35,144.19,87606,126.32,1751, 59434, 67.84,0.678423852247563,2024-05-13
BARBEQUE, EQ, 13-May-2024,509.75,506.05,519.45,502.4,515.0,515.15,511.44,42360,216.65,4857, 18297, 43.19,0.43194050991501415,2024-05-13
BASF, EQ, 13-May-2024,4223.0,4273.75,4273.8,4025.0,4075.0,4096.9,4112.3,25054,1030.29,6780, 10017, 39.98,0.3998163965833799,2024-05-13
BASML, EQ, 13-May-2024,49.6,49.65,50.0,48.0,49.0,48.85,48.68,66618,32.43,599, 37329, 56.03,0.5603440511573449,2024-05-13
BATAINDIA, EQ, 13-May-2024,1309.1,1315.0,1320.4,1294.0,1319.0,1317.2,1308.33,294086,3847.61,20614, 107735, 36.63,0.36633841801377826,2024-05-13
BAYERCROP, EQ, 13-May-2024,5239.55,5239.55,5269.7,5153.2,5225.0,5218.0,5203.23,11434,594.94,3577, 6604, 57.76,0.5775756515655064,2024-05-13
BBETF0432, EQ, 13-May-2024,1138.65,1130.0,1140.0,1130.0,1138.55,1138.91,1139.08,1573,17.92,30, 1558, 99.05,0.9904640813731723,2024-05-13
BBL, EQ, 13-May-2024,3128.15,3154.15,3251.0,3075.05,3181.35,3204.25,3160.2,34380,1086.48,9167, 12644, 36.78,0.3677719604421175,2024-05-13
BBNPPGOLD, EQ, 13-May-2024,72.35,73.0,73.0,71.55,71.55,71.55,71.6,264,0.19,14, 165, 62.50,0.625,2024-05-13
BBOX, EQ, 13-May-2024,221.4,229.0,229.0,215.15,227.8,226.5,223.01,68482,152.72,1478, 39112, 57.11,0.5711281796676498,2024-05-13
BBTC, EQ, 13-May-2024,1505.65,1508.0,1563.7,1477.4,1550.0,1553.7,1514.79,70653,1070.25,11873, 26930, 38.12,0.38115862029920883,2024-05-13
BBTCL, EQ, 13-May-2024,252.75,254.0,255.0,250.2,255.0,254.75,253.69,2164,5.49,99, 1591, 73.52,0.7352125693160814,2024-05-13
BCG, BZ, 13-May-2024,12.8,12.85,12.95,12.2,12.3,12.3,12.3,5387880,662.68,12594, -, -,,2024-05-13
BCLIND, EQ, 13-May-2024,57.65,57.5,57.7,55.55,56.35,56.2,56.25,946017,532.13,4874, 386288, 40.83,0.4083309285139696,2024-05-13
BCONCEPTS, EQ, 13-May-2024,678.15,708.4,708.4,644.25,644.25,645.65,649.2,19935,129.42,1153, 13234, 66.39,0.6638575369952345,2024-05-13
BDL, EQ, 13-May-2024,1861.55,1869.0,1879.0,1805.55,1842.0,1830.7,1834.33,446582,8191.8,34711, 174186, 39.00,0.3900425901626129,2024-05-13
BEARDSELL, EQ, 13-May-2024,39.45,39.0,43.35,37.35,43.35,42.65,41.0,91081,37.35,744, 57291, 62.90,0.6290115391794118,2024-05-13
BECTORFOOD, EQ, 13-May-2024,1233.15,1233.15,1238.75,1200.0,1207.6,1206.85,1214.29,56145,681.76,9900, 33334, 59.37,0.593712708166355,2024-05-13
BEDMUTHA, EQ, 13-May-2024,178.55,182.0,187.45,179.55,187.45,187.45,186.69,9001,16.8,124, 6671, 74.11,0.7411398733474058,2024-05-13
BEL, EQ, 13-May-2024,227.1,228.4,228.7,221.0,224.8,224.75,224.45,32874369,73786.77,131330, 19890656, 60.51,0.6050505790696697,2024-05-13
BEML, EQ, 13-May-2024,3210.05,3349.4,3718.0,3252.0,3675.0,3676.45,3566.53,3312732,118149.54,201881, 487050, 14.70,0.14702366505953393,2024-05-13
BEPL, EQ, 13-May-2024,95.05,96.0,96.15,94.05,94.95,94.9,94.85,225404,213.8,3775, 102875, 45.64,0.4564027257723909,2024-05-13
BERGEPAINT, EQ, 13-May-2024,490.25,492.7,496.85,486.2,496.85,495.75,492.38,1144255,5634.13,31662, 537682, 46.99,0.46989700722304034,2024-05-13
BESTAGRO, EQ, 13-May-2024,553.65,548.05,559.25,539.8,555.0,547.05,547.02,26345,144.11,3058, 12190, 46.27,0.4627063959005504,2024-05-13
BFINVEST, EQ, 13-May-2024,548.3,549.9,552.35,531.3,542.6,542.5,540.74,31565,170.68,3720, 11001, 34.85,0.34851892919372723,2024-05-13
BFSI, EQ, 13-May-2024,21.46,21.59,21.74,21.36,21.72,21.72,21.6,251300,54.28,1163, 181728, 72.32,0.7231516116195782,2024-05-13
BFUTILITIE, EQ, 13-May-2024,826.8,825.85,829.0,790.2,809.2,811.9,810.29,226570,1835.87,17068, 61455, 27.12,0.27124067617071984,2024-05-13
BGLOBAL, BZ, 13-May-2024,3.4,3.4,3.55,3.25,3.25,3.25,3.28,4845,0.16,21, -, -,,2024-05-13
BGRENERGY, BE, 13-May-2024,38.65,38.05,39.65,36.8,39.05,38.85,38.12,243399,92.78,989, -, -,,2024-05-13
BHAGCHEM, EQ, 13-May-2024,171.6,171.0,183.7,171.0,176.55,177.9,176.68,85537,151.13,7215, 30747, 35.95,0.3594584799560424,2024-05-13
BHAGERIA, EQ, 13-May-2024,162.0,159.0,161.8,157.7,158.0,158.75,158.89,22034,35.01,1401, 11089, 50.33,0.5032676772261051,2024-05-13
BHAGYANGR, EQ, 13-May-2024,117.55,118.7,118.95,112.3,114.6,115.15,114.81,112781,129.49,1512, 60366, 53.52,0.5352497317810624,2024-05-13
BHANDARI, EQ, 13-May-2024,7.95,8.1,8.1,7.65,7.85,7.85,7.82,630396,49.28,956, 366801, 58.19,0.5818580701654198,2024-05-13
BHARATFORG, EQ, 13-May-2024,1397.7,1390.45,1423.0,1368.9,1415.0,1416.0,1397.67,1603773,22415.52,79662, 461784, 28.79,0.28793601089430987,2024-05-13
BHARATGEAR, EQ, 13-May-2024,109.85,109.85,109.85,105.2,107.0,106.95,107.67,43048,46.35,1063, 23828, 55.35,0.5535216502508827,2024-05-13
BHARATRAS, EQ, 13-May-2024,9183.65,9065.0,9440.0,9065.0,9433.0,9342.35,9227.25,1472,135.83,469, 968, 65.76,0.657608695652174,2024-05-13
BHARATWIRE, EQ, 13-May-2024,256.6,258.45,269.4,258.0,269.4,269.4,262.54,217789,571.79,3659, 139118, 63.88,0.6387742264301687,2024-05-13
BHARTIARTL, EQ, 13-May-2024,1301.15,1301.15,1302.9,1281.4,1288.0,1285.95,1289.38,3703942,47757.89,118693, 2567783, 69.33,0.6932568058571111,2024-05-13
BHARTIHEXA, EQ, 13-May-2024,902.6,908.9,913.0,878.65,900.0,900.15,893.59,470673,4205.89,26791, 169673, 36.05,0.36049019170421925,2024-05-13
BHEL, EQ, 13-May-2024,274.3,274.4,286.3,267.3,283.15,283.3,278.11,31570308,87800.13,172568, 6424079, 20.35,0.20348483771523546,2024-05-13
BIGBLOC, EQ, 13-May-2024,248.45,249.0,251.75,233.4,243.55,242.8,242.25,193508,468.77,10231, 68458, 35.38,0.3537734874010377,2024-05-13
BIKAJI, EQ, 13-May-2024,525.75,520.0,531.0,518.1,521.75,523.05,522.98,92087,481.6,8368, 42847, 46.53,0.46528826001498585,2024-05-13
BIL, BE, 13-May-2024,422.35,432.0,432.0,402.25,402.25,409.7,410.87,1593,6.55,44, -, -,,2024-05-13
BINANIIND, EQ, 13-May-2024,14.9,15.5,15.6,14.85,14.85,15.05,15.14,21571,3.27,102, 18463, 85.59,0.855917667238422,2024-05-13
BIOCON, EQ, 13-May-2024,304.0,303.95,306.25,293.45,302.0,301.65,299.93,6333418,18995.62,55174, 1935414, 30.56,0.3055875989868346,2024-05-13
BIOFILCHEM, EQ, 13-May-2024,67.95,66.6,68.55,65.7,66.8,66.75,66.87,31596,21.13,466, 20264, 64.13,0.6413470059501203,2024-05-13
BIRLACABLE, EQ, 13-May-2024,253.9,246.9,248.0,233.7,238.6,237.8,238.61,217452,518.86,12250, 92100, 42.35,0.42354174714419734,2024-05-13
BIRLACORPN, EQ, 13-May-2024,1459.0,1436.2,1446.4,1399.4,1428.0,1421.3,1420.49,160975,2286.63,17986, 78269, 48.62,0.4862183568877155,2024-05-13
BIRLAMONEY, EQ, 13-May-2024,127.35,127.8,127.9,121.0,121.6,121.45,121.81,273401,333.03,2349, 166341, 60.84,0.6084140145793175,2024-05-13
BKMINDST, BZ, 13-May-2024,1.95,1.9,1.9,1.9,1.9,1.9,1.9,2398,0.05,10, -, -,,2024-05-13
BLAL, EQ, 13-May-2024,226.3,227.0,228.35,218.35,224.0,224.9,223.87,250572,560.96,4951, 135235, 53.97,0.5397051546062609,2024-05-13
BLBLIMITED, BE, 13-May-2024,20.05,20.65,20.8,19.6,19.9,19.9,20.1,111538,22.42,207, -, -,,2024-05-13
BLISSGVS, EQ, 13-May-2024,109.55,110.7,110.75,106.15,110.0,109.95,108.68,231247,251.33,3425, 86136, 37.25,0.3724848322356614,2024-05-13
BLKASHYAP, EQ, 13-May-2024,63.0,62.5,62.95,60.5,62.0,61.95,61.29,471614,289.03,2288, 280148, 59.40,0.5940196855903345,2024-05-13
BLS, EQ, 13-May-2024,319.5,320.95,321.7,312.5,314.1,315.45,316.0,1510267,4772.42,22804, 852928, 56.48,0.5647531198125895,2024-05-13
BLSE, EQ, 13-May-2024,271.3,272.5,275.95,260.25,266.9,265.85,266.39,493162,1313.72,17326, 288992, 58.60,0.5859981101544726,2024-05-13
BLUECHIP, BE, 13-May-2024,3.25,3.2,3.2,3.2,3.2,3.2,3.2,10774,0.34,80, -, -,,2024-05-13
BLUEDART, EQ, 13-May-2024,6986.15,7014.0,7070.0,6805.1,7035.95,7014.85,6982.93,25866,1806.2,6158, 13926, 53.84,0.5383901646949664,2024-05-13
BLUEJET, EQ, 13-May-2024,380.15,380.15,382.8,365.3,369.0,369.65,369.13,125480,463.18,6853, 67391, 53.71,0.5370656678355117,2024-05-13
BLUESTARCO, EQ, 13-May-2024,1415.45,1416.55,1440.0,1394.55,1419.4,1421.2,1416.51,497039,7040.59,29537, 297169, 59.79,0.5978786372900315,2024-05-13
BODALCHEM, EQ, 13-May-2024,72.6,72.85,72.95,70.5,71.85,72.05,71.48,361941,258.73,3154, 153836, 42.50,0.4250305989097671,2024-05-13
BOHRAIND, BE, 13-May-2024,18.7,19.1,19.1,17.85,18.8,18.8,18.27,4498,0.82,51, -, -,,2024-05-13
BOMDYEING, EQ, 13-May-2024,165.4,169.8,170.0,160.55,166.5,166.0,164.57,1059714,1743.95,12459, 357004, 33.69,0.33688712237452745,2024-05-13
BOROLTD, EQ, 13-May-2024,345.05,345.9,349.45,342.0,346.05,346.8,345.89,46203,159.81,6680, 20355, 44.06,0.4405558080644114,2024-05-13
BORORENEW, EQ, 13-May-2024,488.5,490.05,504.6,484.3,496.9,495.0,494.11,432034,2134.71,24776, 117153, 27.12,0.27116615821902906,2024-05-13
BOSCHLTD, EQ, 13-May-2024,30431.95,30431.95,31031.0,29979.8,30849.0,30797.8,30487.65,31139,9493.55,13722, 9960, 31.99,0.3198561289701018,2024-05-13
BPCL, EQ, 13-May-2024,618.65,624.95,624.95,591.8,608.0,606.9,604.06,11449326,69161.21,189362, 3354208, 29.30,0.2929611751818404,2024-05-13
BPL, EQ, 13-May-2024,100.2,100.5,102.05,97.1,99.3,99.45,99.18,207741,206.04,3055, 97547, 46.96,0.46956065485388054,2024-05-13
BRIGADE, EQ, 13-May-2024,1037.95,1038.0,1043.8,1003.1,1020.0,1013.2,1015.98,156058,1585.51,17126, 71509, 45.82,0.4582206615489113,2024-05-13
BRITANNIA, EQ, 13-May-2024,5066.8,5074.95,5170.0,5055.0,5149.7,5130.55,5125.21,323879,16599.48,44063, 113575, 35.07,0.3506710839541928,2024-05-13
BRNL, BE, 13-May-2024,50.45,50.3,52.95,47.95,52.95,52.95,49.81,113173,56.37,1672, -, -,,2024-05-13
BROOKS, BE, 13-May-2024,98.95,103.0,103.0,95.1,99.0,98.2,98.74,28742,28.38,201, -, -,,2024-05-13
BSE, EQ, 13-May-2024,2650.0,2675.9,2675.9,2568.95,2588.0,2597.65,2608.88,728997,19018.67,56232, 377825, 51.83,0.5182805964907948,2024-05-13
BSE500IETF, EQ, 13-May-2024,34.36,35.4,35.4,33.9,34.65,34.45,34.22,294529,100.8,1428, 183800, 62.40,0.6240472075754849,2024-05-13
BSHSL, EQ, 13-May-2024,211.35,216.0,216.0,202.3,212.0,211.25,208.7,25469,53.15,1556, 11707, 45.97,0.4596568377242923,2024-05-13
BSL, EQ, 13-May-2024,180.2,177.25,181.0,175.0,175.2,176.8,177.99,2912,5.18,186, 1957, 67.20,0.6720467032967034,2024-05-13
BSLGOLDETF, EQ, 13-May-2024,65.21,65.9,65.9,64.5,64.85,64.85,64.92,16524,10.73,410, 10898, 65.95,0.6595255386105059,2024-05-13
BSLNIFTY, EQ, 13-May-2024,25.14,25.42,25.42,24.84,25.18,25.17,25.03,129922,32.52,3572, 90877, 69.95,0.6994735302720093,2024-05-13
BSLSENETFG, EQ, 13-May-2024,71.42,72.85,72.85,70.41,71.66,71.49,70.78,2095,1.48,106, 1523, 72.70,0.7269689737470167,2024-05-13
BSOFT, EQ, 13-May-2024,583.1,584.0,589.9,564.6,587.7,585.9,575.44,2056129,11831.73,66031, 617842, 30.05,0.3004879557654213,2024-05-13
BTML, EQ, 13-May-2024,18.2,18.35,18.55,17.6,17.9,17.95,18.05,2935273,529.69,1897, 2179889, 74.27,0.7426528980438958,2024-05-13
BURNPUR, EQ, 13-May-2024,6.15,6.1,6.3,5.9,6.1,6.15,6.08,418830,25.48,524, 291630, 69.63,0.6962968268748657,2024-05-13
BUTTERFLY, EQ, 13-May-2024,783.0,775.1,788.5,771.1,775.0,774.4,776.74,5263,40.88,737, 3685, 70.02,0.700171005130154,2024-05-13
BVCL, BE, 13-May-2024,52.8,52.8,52.8,51.1,52.45,51.65,51.82,3049,1.58,51, -, -,,2024-05-13
BYKE, EQ, 13-May-2024,73.45,73.5,73.9,70.7,73.0,72.55,72.55,54156,39.29,520, 32963, 60.87,0.6086675529950514,2024-05-13
CALSOFT, BE, 13-May-2024,15.2,15.45,15.45,14.45,15.05,14.7,14.79,13967,2.07,111, -, -,,2024-05-13
CAMLINFINE, EQ, 13-May-2024,100.4,100.4,100.4,97.0,99.0,98.55,98.46,432353,425.7,4886, 244011, 56.44,0.5643791068871964,2024-05-13
CAMPUS, EQ, 13-May-2024,249.8,249.9,250.15,241.05,244.05,243.8,244.48,745573,1822.78,19964, 283012, 37.96,0.3795899261373467,2024-05-13
CAMS, EQ, 13-May-2024,3207.4,3181.0,3198.85,3030.05,3124.0,3126.45,3103.76,317050,9840.48,39725, 124384, 39.23,0.39231666929506387,2024-05-13
CANBK, EQ, 13-May-2024,548.15,552.0,555.0,532.0,551.5,549.35,544.94,10498821,57212.27,153476, 3293335, 31.37,0.3136861748571578,2024-05-13
CANFINHOME, EQ, 13-May-2024,734.95,735.5,742.5,721.15,739.7,738.75,731.22,275017,2010.97,16856, 74137, 26.96,0.26957242643182056,2024-05-13
CANTABIL, EQ, 13-May-2024,196.35,196.4,200.25,193.2,197.0,195.15,196.16,91211,178.92,6142, 32987, 36.17,0.361655940621197,2024-05-13
CAPACITE, EQ, 13-May-2024,271.35,273.0,274.3,263.5,270.1,269.75,269.11,996034,2680.41,22047, 291413, 29.26,0.29257334588979894,2024-05-13
CAPITALSFB, EQ, 13-May-2024,371.6,371.6,371.7,342.4,349.95,346.5,354.22,151285,535.88,10466, 70776, 46.78,0.46783223716825856,2024-05-13
CAPLIPOINT, EQ, 13-May-2024,1281.4,1281.4,1316.5,1267.7,1308.15,1305.75,1291.27,54752,706.99,7979, 25710, 46.96,0.4695718877849211,2024-05-13
CAPTRUST, EQ, 13-May-2024,118.8,117.15,119.0,115.1,119.0,118.55,116.73,10442,12.19,395, 4254, 40.74,0.4073932196897146,2024-05-13
CARBORUNIV, EQ, 13-May-2024,1463.7,1477.0,1523.0,1470.15,1500.0,1506.75,1496.52,173823,2601.3,25504, 66328, 38.16,0.38158356489072215,2024-05-13
CAREERP, EQ, 13-May-2024,383.95,389.9,389.9,371.5,382.25,383.2,380.26,14847,56.46,675, 8481, 57.12,0.5712265104061427,2024-05-13
CARERATING, EQ, 13-May-2024,1092.65,1090.0,1111.0,1074.7,1091.0,1091.55,1094.19,21651,236.9,5888, 9961, 46.01,0.46007112835434855,2024-05-13
CARTRADE, EQ, 13-May-2024,935.6,939.5,961.7,905.0,925.0,921.1,927.24,232354,2154.47,9324, 95265, 41.00,0.40999939747110015,2024-05-13
CARYSIL, EQ, 13-May-2024,877.35,879.8,919.8,863.8,919.8,916.0,899.81,98130,882.98,10959, 45045, 45.90,0.4590339345765821,2024-05-13
CASTROLIND, EQ, 13-May-2024,191.4,191.7,192.6,186.0,189.7,189.4,188.61,2994520,5647.92,42932, 1164491, 38.89,0.3888740098580073,2024-05-13
CCHHL, EQ, 13-May-2024,15.05,15.3,15.7,14.8,15.35,15.25,15.17,172158,26.12,744, 101395, 58.90,0.5889647881597138,2024-05-13
CCL, EQ, 13-May-2024,576.05,573.0,579.55,556.65,568.8,572.75,568.63,204935,1165.32,14527, 112496, 54.89,0.5489350281796668,2024-05-13
CDSL, EQ, 13-May-2024,2016.45,2000.0,2024.0,1936.05,1995.0,1993.8,1974.8,1595876,31515.41,99643, 536533, 33.62,0.33619967967436065,2024-05-13
CEATLTD, EQ, 13-May-2024,2235.9,2256.55,2344.9,2210.15,2305.0,2301.8,2272.01,163343,3711.18,25278, 41762, 25.57,0.2556705827614284,2024-05-13
CELEBRITY, EQ, 13-May-2024,19.75,20.5,20.5,18.9,19.65,19.55,19.46,148913,28.98,655, 65084, 43.71,0.4370605655651286,2024-05-13
CELLO, EQ, 13-May-2024,872.2,887.95,887.95,860.55,877.0,875.5,874.07,100785,880.93,7919, 54180, 53.76,0.5375799970233666,2024-05-13
CENTENKA, EQ, 13-May-2024,582.9,591.65,595.0,572.85,584.0,586.35,584.0,208325,1216.62,15379, 69826, 33.52,0.3351782071282851,2024-05-13
CENTEXT, BE, 13-May-2024,17.85,18.5,18.7,17.0,18.55,18.5,17.77,106624,18.95,808, -, -,,2024-05-13
CENTRALBK, EQ, 13-May-2024,60.8,60.9,60.95,58.0,59.3,59.2,59.19,11469041,6788.24,30097, 3085378, 26.90,0.269017958868575,2024-05-13
CENTRUM, EQ, 13-May-2024,39.9,38.9,39.5,38.15,38.3,38.35,38.66,1624828,628.1,4275, 556846, 34.27,0.342710736151765,2024-05-13
CENTUM, EQ, 13-May-2024,1907.4,1907.0,1947.8,1824.1,1875.0,1869.1,1866.17,20883,389.71,5722, 9289, 44.48,0.44481156921898196,2024-05-13
CENTURYPLY, EQ, 13-May-2024,663.3,664.9,666.0,656.7,660.8,662.4,661.42,92596,612.45,8689, 53140, 57.39,0.573890880815586,2024-05-13
CENTURYTEX, EQ, 13-May-2024,2000.55,2000.0,2000.2,1892.55,1956.0,1963.45,1935.72,287374,5562.77,26301, 72608, 25.27,0.25266029633856923,2024-05-13
CERA, EQ, 13-May-2024,6744.35,6750.0,7149.7,6703.0,7133.0,7119.4,7025.99,90136,6332.95,23344, 12902, 14.31,0.14313925623502263,2024-05-13
CEREBRAINT, BE, 13-May-2024,7.3,7.2,7.4,7.05,7.3,7.3,7.21,48464,3.49,154, -, -,,2024-05-13
CESC, EQ, 13-May-2024,141.7,142.0,142.3,135.5,140.1,140.1,139.31,5038201,7018.82,39981, 2394124, 47.52,0.47519422111186116,2024-05-13
CGCL, EQ, 13-May-2024,234.7,230.7,234.0,227.55,228.5,230.4,230.91,312953,722.63,17416, 91771, 29.32,0.2932421162283154,2024-05-13
CGPOWER, EQ, 13-May-2024,580.0,580.0,601.0,572.6,585.4,585.75,591.42,5188849,30687.74,132570, 1985859, 38.27,0.38271666799322934,2024-05-13
CHALET, EQ, 13-May-2024,832.15,833.85,842.55,806.0,813.1,812.55,812.87,201891,1641.11,16350, 130262, 64.52,0.6452095437637141,2024-05-13
CHAMBLFERT, EQ, 13-May-2024,393.35,391.85,396.5,382.3,392.65,392.3,389.04,1392921,5419.03,20015, 346754, 24.89,0.24894017679394595,2024-05-13
CHEMBOND, EQ, 13-May-2024,575.45,575.45,590.4,552.45,576.5,580.45,569.91,29186,166.33,3853, 11078, 37.96,0.3795655451243747,2024-05-13
CHEMCON, EQ, 13-May-2024,247.35,248.4,248.55,240.6,244.1,243.85,244.46,46110,112.72,2437, 24560, 53.26,0.532639340707005,2024-05-13
CHEMFAB, EQ, 13-May-2024,560.6,579.8,579.8,528.4,551.0,551.6,545.43,15170,82.74,880, 7178, 47.32,0.47317073170731705,2024-05-13
CHEMPLASTS, EQ, 13-May-2024,456.6,462.0,472.0,454.5,463.25,466.45,461.04,63418,292.38,6257, 29512, 46.54,0.4653568387524047,2024-05-13
CHENNPETRO, EQ, 13-May-2024,856.25,856.3,875.0,828.5,864.45,866.45,854.02,1109398,9474.51,43995, 181547, 16.36,0.16364460725546648,2024-05-13
CHEVIOT, EQ, 13-May-2024,1273.7,1283.0,1283.0,1249.05,1250.0,1251.05,1257.57,4370,54.96,793, 3358, 76.84,0.7684210526315789,2024-05-13
CHOICEIN, EQ, 13-May-2024,322.35,323.0,324.7,313.65,315.0,315.5,316.78,376328,1192.14,11202, 162344, 43.14,0.43138963882570525,2024-05-13
CHOLAFIN, EQ, 13-May-2024,1272.65,1279.8,1302.0,1242.15,1280.15,1282.6,1282.24,1639556,21023.1,58418, 694027, 42.33,0.4233017963399847,2024-05-13
CHOLAHLDNG, EQ, 13-May-2024,1072.1,1075.0,1088.0,1040.0,1088.0,1076.7,1062.33,78499,833.92,9047, 40154, 51.15,0.5115224397763029,2024-05-13
CIEINDIA, EQ, 13-May-2024,479.35,478.9,487.8,470.35,486.4,483.85,478.93,190131,910.6,15265, 99005, 52.07,0.5207199246835077,2024-05-13
CIGNITITEC, EQ, 13-May-2024,1301.5,1316.0,1316.0,1285.0,1288.0,1291.15,1294.08,114686,1484.13,3331, 84732, 73.88,0.7388172924332526,2024-05-13
CINELINE, EQ, 13-May-2024,120.2,120.0,121.25,115.95,118.0,118.6,118.32,36150,42.77,359, 25820, 71.42,0.7142461964038728,2024-05-13
CINEVISTA, BE, 13-May-2024,18.2,18.2,18.85,17.55,18.15,17.9,18.13,9950,1.8,66, -, -,,2024-05-13
CIPLA, EQ, 13-May-2024,1339.55,1371.0,1425.95,1369.55,1421.0,1414.65,1410.56,7910590,111583.53,177997, 3408129, 43.08,0.43083120222385435,2024-05-13
CLEAN, EQ, 13-May-2024,1292.75,1291.05,1296.85,1277.2,1278.0,1278.7,1281.44,80902,1036.71,10419, 54459, 67.31,0.6731477590170823,2024-05-13
CLEDUCATE, EQ, 13-May-2024,78.1,78.95,78.95,76.7,76.95,77.35,77.41,31505,24.39,476, 22797, 72.36,0.7235994286621171,2024-05-13
CLSEL, EQ, 13-May-2024,225.65,224.0,224.95,220.0,223.0,222.5,222.48,57397,127.7,2471, 34029, 59.29,0.592870707528268,2024-05-13
CMICABLES, BZ, 13-May-2024,5.15,5.15,5.4,5.15,5.25,5.25,5.17,23847,1.23,43, -, -,,2024-05-13
CMSINFO, EQ, 13-May-2024,392.25,392.45,395.5,381.0,394.9,394.1,388.31,563641,2188.67,30222, 276469, 49.05,0.4905054813258794,2024-05-13
COALINDIA, EQ, 13-May-2024,449.4,451.25,451.8,434.7,444.25,444.0,441.94,11107909,49090.75,147904, 4209600, 37.90,0.37897321629120295,2024-05-13
COASTCORP, EQ, 13-May-2024,240.0,243.6,243.6,235.6,243.0,241.7,238.93,30233,72.24,1897, 12785, 42.29,0.4228822809512784,2024-05-13
COCHINSHIP, EQ, 13-May-2024,1229.75,1230.0,1237.8,1168.0,1196.85,1195.2,1193.44,3079650,36753.69,101410, 734842, 23.86,0.23861217995551443,2024-05-13
COFFEEDAY, EQ, 13-May-2024,58.45,58.0,59.25,56.75,58.1,58.2,58.04,2700053,1567.16,7728, 733465, 27.16,0.27164837134678466,2024-05-13
COFORGE, EQ, 13-May-2024,4465.3,4476.0,4553.0,4402.3,4528.0,4534.85,4480.29,747199,33476.67,56590, 341579, 45.71,0.4571459544244572,2024-05-13
COLPAL, EQ, 13-May-2024,2800.15,2801.0,2871.2,2777.05,2860.0,2859.35,2842.94,393882,11197.85,39206, 191696, 48.67,0.48668382916711095,2024-05-13
COMMOIETF, EQ, 13-May-2024,85.91,85.9,86.98,84.1,85.5,85.66,85.01,53157,45.19,1236, 37380, 70.32,0.7031999548507252,2024-05-13
COMPINFO, BZ, 13-May-2024,4.55,4.35,4.35,4.35,4.35,4.35,4.35,16774,0.73,29, -, -,,2024-05-13
COMPUSOFT, EQ, 13-May-2024,34.1,34.05,34.5,32.55,33.15,33.0,33.16,164531,54.56,1169, 101171, 61.49,0.6149053977669862,2024-05-13
COMSYN, EQ, 13-May-2024,68.65,71.0,72.05,67.15,68.45,67.7,69.13,1786,1.23,79, 1365, 76.43,0.7642777155655095,2024-05-13
CONCOR, EQ, 13-May-2024,1001.75,1009.5,1018.7,993.1,1011.6,1013.2,1005.91,2352890,23667.98,74078, 962595, 40.91,0.4091117731810667,2024-05-13
CONCORDBIO, EQ, 13-May-2024,1509.1,1517.0,1530.0,1485.4,1497.5,1507.25,1510.4,24540,370.65,4694, 10768, 43.88,0.43879380603096985,2024-05-13
CONFIPET, EQ, 13-May-2024,85.85,85.55,86.75,83.5,85.45,85.4,84.63,792245,670.47,6333, 314484, 39.70,0.3969529627829775,2024-05-13
CONS, EQ, 13-May-2024,105.22,104.0,105.97,103.32,105.96,104.72,103.61,13716,14.21,75, 10126, 73.83,0.7382618839311753,2024-05-13
CONSOFINVT, EQ, 13-May-2024,221.6,220.0,233.8,220.0,225.0,226.85,227.36,24413,55.5,1693, 14248, 58.36,0.5836234792938189,2024-05-13
CONSUMBEES, EQ, 13-May-2024,114.45,116.28,116.32,113.0,114.45,114.04,113.68,45029,51.19,1009, 28447, 63.17,0.6317484287903351,2024-05-13
CONSUMIETF, EQ, 13-May-2024,106.22,106.23,106.78,104.85,105.92,105.91,105.74,6126,6.48,121, 4367, 71.29,0.7128632060071824,2024-05-13
CONTROLPR, EQ, 13-May-2024,910.65,904.25,915.0,855.85,876.0,885.75,876.57,57612,505.01,10535, 30985, 53.78,0.5378219815316253,2024-05-13
CORALFINAC, BE, 13-May-2024,38.85,40.0,40.75,37.6,40.75,40.75,39.34,13078,5.14,109, -, -,,2024-05-13
CORDSCABLE, EQ, 13-May-2024,177.05,179.75,194.75,179.75,194.75,194.75,190.14,132352,251.65,1984, 81191, 61.34,0.6134474734042553,2024-05-13
COROMANDEL, EQ, 13-May-2024,1181.05,1182.0,1209.5,1174.0,1209.0,1203.9,1192.65,366142,4366.79,20849, 181034, 49.44,0.4944365847130348,2024-05-13
COSMOFIRST, EQ, 13-May-2024,565.75,565.75,565.75,546.15,562.5,559.75,555.65,47189,262.21,4137, 29676, 62.89,0.628875373498061,2024-05-13
COUNCODOS, EQ, 13-May-2024,6.05,6.15,6.15,5.85,5.9,5.9,5.98,82096,4.91,289, 66639, 81.17,0.8117204248684466,2024-05-13
CPSEETF, EQ, 13-May-2024,85.07,87.6,87.6,82.7,84.6,84.52,83.57,5062663,4230.81,19367, 3243702, 64.07,0.6407106299589761,2024-05-13
CRAFTSMAN, EQ, 13-May-2024,4300.85,4300.95,4365.0,4272.1,4350.0,4325.4,4306.97,16905,728.09,5515, 9676, 57.24,0.5723750369713103,2024-05-13
CREATIVE, EQ, 13-May-2024,768.3,760.6,794.4,759.0,786.95,782.95,778.15,8330,64.82,866, 5583, 67.02,0.6702280912364946,2024-05-13
CREATIVEYE, EQ, 13-May-2024,6.1,6.4,6.4,5.8,5.9,6.0,6.16,42180,2.6,260, 24578, 58.27,0.5826932195353248,2024-05-13
CREDITACC, EQ, 13-May-2024,1413.8,1417.95,1419.4,1376.0,1398.0,1402.3,1397.04,117111,1636.09,13346, 42625, 36.40,0.3639709335587605,2024-05-13
CREST, EQ, 13-May-2024,378.55,377.7,378.45,358.55,367.8,369.3,366.41,26158,95.84,1136, 15377, 58.79,0.5878507531156816,2024-05-13
CRISIL, EQ, 13-May-2024,4357.95,4101.2,4341.0,4101.2,4287.0,4258.55,4269.47,47498,2027.91,12599, 22168, 46.67,0.4667143879742305,2024-05-13
CROMPTON, EQ, 13-May-2024,329.9,330.75,330.9,320.15,326.0,326.65,325.0,2076617,6748.92,23725, 988164, 47.59,0.4758527932690525,2024-05-13
CROWN, BE, 13-May-2024,232.05,227.4,227.4,227.4,227.4,227.4,227.4,1170,2.66,23, -, -,,2024-05-13
CSBBANK, EQ, 13-May-2024,359.1,359.1,360.9,350.5,355.35,355.2,354.46,147770,523.78,10448, 75262, 50.93,0.5093185355620221,2024-05-13
CSLFINANCE, EQ, 13-May-2024,417.85,424.0,428.0,405.2,424.0,422.9,418.92,46283,193.89,3257, 27263, 58.90,0.589049975152864,2024-05-13
CTE, BE, 13-May-2024,91.3,89.5,89.5,89.5,89.5,89.5,89.5,3272,2.93,31, -, -,,2024-05-13
CUB, EQ, 13-May-2024,149.9,149.95,152.05,146.7,150.4,150.15,148.8,1323650,1969.56,10711, 431887, 32.63,0.3262848940429872,2024-05-13
CUBEXTUB, BE, 13-May-2024,102.35,101.9,101.9,100.3,100.3,100.3,101.14,6057,6.13,38, -, -,,2024-05-13
CUMMINSIND, EQ, 13-May-2024,3411.8,3432.0,3527.9,3403.65,3509.25,3512.35,3485.78,1427509,49759.88,127026, 662603, 46.42,0.46416730122191874,2024-05-13
CUPID, BE, 13-May-2024,99.45,99.1,99.4,95.35,96.4,96.05,96.13,980032,942.08,6048, -, -,,2024-05-13
CYBERMEDIA, BE, 13-May-2024,25.2,25.45,25.7,24.25,24.9,25.0,25.21,5248,1.32,82, -, -,,2024-05-13
CYBERTECH, EQ, 13-May-2024,150.05,149.5,151.1,145.8,147.2,147.75,148.01,71146,105.3,2505, 40021, 56.25,0.5625193264554578,2024-05-13
CYIENT, EQ, 13-May-2024,1721.65,1729.95,1729.95,1676.0,1705.0,1701.0,1693.04,255398,4323.99,29480, 132578, 51.91,0.5191035168638752,2024-05-13
CYIENTDLM, EQ, 13-May-2024,675.0,673.0,673.0,660.1,669.0,666.8,666.91,84968,566.66,6583, 46376, 54.58,0.5458054797100085,2024-05-13
DABUR, EQ, 13-May-2024,550.8,550.8,553.2,543.7,549.0,550.25,548.87,3067643,16837.36,63965, 2198337, 71.66,0.7166208714638568,2024-05-13
DALBHARAT, EQ, 13-May-2024,1714.85,1720.0,1747.2,1698.9,1743.1,1742.7,1724.16,166202,2865.59,12286, 50427, 30.34,0.30340790122862543,2024-05-13
DALMIASUG, EQ, 13-May-2024,379.95,381.85,381.85,371.0,375.0,376.75,376.02,24544,92.29,2866, 10928, 44.52,0.4452411994784876,2024-05-13
DAMODARIND, EQ, 13-May-2024,50.3,51.65,51.7,48.65,49.3,49.5,49.68,48004,23.85,621, 6726, 14.01,0.14011332388967587,2024-05-13
DANGEE, EQ, 13-May-2024,8.8,8.9,9.8,7.95,8.1,8.05,8.18,2920638,238.95,2843, 1344501, 46.03,0.4603449657232427,2024-05-13
DATAMATICS, EQ, 13-May-2024,558.0,559.0,564.1,531.95,541.85,535.5,542.22,106123,575.42,13879, 36352, 34.25,0.34254591370390963,2024-05-13
DATAPATTNS, EQ, 13-May-2024,2812.75,2812.7,2839.95,2737.85,2775.45,2768.55,2776.22,188211,5225.15,26848, 59767, 31.76,0.3175531717062233,2024-05-13
DAVANGERE, EQ, 13-May-2024,99.0,99.0,99.8,94.25,95.3,96.15,96.16,373242,358.9,1266, 300143, 80.42,0.8041511941314214,2024-05-13
DBCORP, EQ, 13-May-2024,265.9,264.7,274.85,261.0,270.05,271.8,268.11,44055,118.12,1122, 37554, 85.24,0.8524344569288389,2024-05-13
DBL, EQ, 13-May-2024,470.7,469.9,469.9,442.05,442.5,444.65,449.51,838702,3770.05,28677, 325683, 38.83,0.38831790075616845,2024-05-13
DBOL, EQ, 13-May-2024,121.7,121.7,122.8,119.35,122.25,122.15,120.92,68170,82.43,1539, 38315, 56.21,0.5620507554642805,2024-05-13
DBREALTY, EQ, 13-May-2024,207.5,205.9,205.9,198.0,199.6,199.95,200.72,2803892,5627.86,29244, 1349418, 48.13,0.4812660402041163,2024-05-13
DBSTOCKBRO, EQ, 13-May-2024,60.65,60.25,63.5,58.2,61.0,61.15,61.13,23458,14.34,561, 9920, 42.29,0.42288345127461846,2024-05-13
DCAL, EQ, 13-May-2024,198.9,198.4,200.65,192.3,200.6,199.1,196.47,219819,431.88,7805, 85657, 38.97,0.3896705926239315,2024-05-13
DCBBANK, EQ, 13-May-2024,130.55,130.6,130.6,125.0,127.85,128.05,126.72,2216826,2809.12,13336, 993131, 44.80,0.4479968206796564,2024-05-13
DCI, BE, 13-May-2024,206.65,205.0,216.9,200.6,214.9,209.9,209.9,4931,10.35,106, -, -,,2024-05-13
DCM, EQ, 13-May-2024,74.0,74.5,74.5,71.5,72.5,72.25,72.32,14142,10.23,292, 9503, 67.20,0.6719700183849526,2024-05-13
DCMFINSERV, BE, 13-May-2024,4.65,4.85,4.85,4.6,4.85,4.8,4.71,21698,1.02,71, -, -,,2024-05-13
DCMNVL, EQ, 13-May-2024,200.1,199.45,201.65,192.15,198.9,197.6,196.92,50916,100.26,3547, 27227, 53.47,0.5347434990965512,2024-05-13
DCMSHRIRAM, EQ, 13-May-2024,975.3,980.2,983.4,970.1,970.5,975.55,976.89,34020,332.34,5728, 16374, 48.13,0.481305114638448,2024-05-13
DCMSRIND, EQ, 13-May-2024,195.25,198.2,198.2,190.25,195.5,194.9,193.21,83836,161.98,4892, 42551, 50.76,0.5075504556515101,2024-05-13
DCW, EQ, 13-May-2024,51.45,51.75,51.9,50.1,50.9,50.95,50.76,1200802,609.52,4721, 358763, 29.88,0.29876948905814615,2024-05-13
DCXINDIA, EQ, 13-May-2024,302.75,303.35,303.9,296.0,297.55,298.3,299.53,406142,1216.51,13307, 181135, 44.60,0.445989333779811,2024-05-13
DECCANCE, EQ, 13-May-2024,606.65,609.7,625.0,595.0,618.25,609.0,608.15,8941,54.37,1196, 4205, 47.03,0.47030533497371657,2024-05-13
DEEPAKFERT, EQ, 13-May-2024,531.7,533.05,536.6,511.0,522.5,523.6,519.58,859054,4463.45,36886, 387582, 45.12,0.45117303452402296,2024-05-13
DEEPAKNTR, EQ, 13-May-2024,2494.55,2502.85,2512.0,2438.0,2479.45,2482.7,2467.44,169202,4174.96,16719, 55747, 32.95,0.32947010082623135,2024-05-13
DEEPENR, EQ, 13-May-2024,179.6,180.6,181.8,175.2,178.1,179.15,178.29,13528,24.12,855, 5978, 44.19,0.4418982850384388,2024-05-13
DEEPINDS, EQ, 13-May-2024,309.05,309.0,311.45,297.5,305.0,304.05,303.76,189856,576.7,10744, 77935, 41.05,0.4104953227709422,2024-05-13
DELHIVERY, EQ, 13-May-2024,453.3,454.75,457.95,441.9,451.0,450.1,446.9,677913,3029.59,24334, 273976, 40.41,0.4041462547554037,2024-05-13
DELPHIFX, EQ, 13-May-2024,211.05,211.05,214.35,208.35,210.8,210.65,210.0,3881,8.15,380, 2639, 68.00,0.6799793867559907,2024-05-13
DELTACORP, EQ, 13-May-2024,117.5,117.95,118.2,115.4,116.3,116.3,116.5,847986,987.93,7941, 320548, 37.80,0.3780109577280757,2024-05-13
DELTAMAGNT, EQ, 13-May-2024,101.75,103.95,104.0,100.0,102.85,102.5,102.03,7487,7.64,192, 4191, 55.98,0.55977026846534,2024-05-13
DEN, EQ, 13-May-2024,48.65,48.65,49.0,47.35,48.2,48.25,48.06,849568,408.32,4440, 283475, 33.37,0.33366958265848057,2024-05-13
DENORA, EQ, 13-May-2024,1479.8,1494.9,1494.9,1452.1,1460.0,1468.4,1473.0,12379,182.34,2095, 7237, 58.46,0.5846191130139753,2024-05-13
DEVIT, EQ, 13-May-2024,109.4,107.55,110.5,106.6,108.5,108.85,109.09,33049,36.05,372, 26470, 80.09,0.8009319495294865,2024-05-13
DEVYANI, EQ, 13-May-2024,161.2,163.4,163.4,155.0,155.75,155.35,157.22,1954212,3072.41,27603, 1048498, 53.65,0.5365323721274867,2024-05-13
DGCONTENT, BE, 13-May-2024,27.1,25.75,25.75,25.75,25.75,25.75,25.75,8104,2.09,6, -, -,,2024-05-13
DHAMPURSUG, EQ, 13-May-2024,222.85,222.5,222.5,217.5,218.4,218.8,219.01,110640,242.31,5423, 44818, 40.51,0.40507953723788864,2024-05-13
DHANBANK, BE, 13-May-2024,41.45,42.45,43.1,40.0,43.0,42.55,41.25,589077,243.01,2915, -, -,,2024-05-13
DHANI, EQ, 13-May-2024,46.45,46.0,46.55,44.4,45.7,45.85,45.46,4590687,2086.74,12081, 1012219, 22.05,0.2204940132054309,2024-05-13
DHANUKA, EQ, 13-May-2024,1281.05,1279.95,1303.3,1240.05,1290.0,1287.45,1280.69,43165,552.81,5380, 23342, 54.08,0.540762191590409,2024-05-13
DHARMAJ, EQ, 13-May-2024,225.25,225.25,226.25,220.3,225.1,224.25,223.2,32442,72.41,2256, 18791, 57.92,0.5792182972689723,2024-05-13
DHRUV, BE, 13-May-2024,103.2,107.95,108.35,105.0,108.35,108.35,107.98,14652,15.82,107, -, -,,2024-05-13
DHUNINV, EQ, 13-May-2024,1176.55,1180.05,1209.8,1114.15,1155.05,1160.8,1163.46,1168,13.59,345, 585, 50.09,0.5008561643835616,2024-05-13
DIACABS, BE, 13-May-2024,907.35,925.45,925.45,925.45,925.45,925.45,925.45,2278,21.08,70, -, -,,2024-05-13
DIAMINESQ, EQ, 13-May-2024,537.75,535.0,553.1,531.05,543.65,544.6,538.81,10252,55.24,1016, 5772, 56.30,0.5630120952009364,2024-05-13
DIAMONDYD, EQ, 13-May-2024,884.55,887.05,900.45,870.75,880.0,880.3,881.09,9594,84.53,1281, 5366, 55.93,0.5593079007713154,2024-05-13
DICIND, EQ, 13-May-2024,466.0,469.7,474.8,460.55,465.0,465.85,466.88,6117,28.56,434, 4573, 74.76,0.7475886872649992,2024-05-13
DIGIDRIVE, BE, 13-May-2024,39.35,40.95,41.0,37.4,40.25,39.95,38.78,83218,32.27,337, -, -,,2024-05-13
DIGISPICE, EQ, 13-May-2024,26.7,26.8,27.4,25.9,26.8,26.75,26.66,83638,22.3,596, 42767, 51.13,0.5113345608455486,2024-05-13
DIGJAMLMTD, BE, 13-May-2024,85.85,84.0,85.7,84.0,85.7,85.7,84.96,234,0.2,5, -, -,,2024-05-13
DIL, EQ, 13-May-2024,7.8,7.9,7.9,7.65,7.8,7.75,7.75,509590,39.49,1009, 210915, 41.39,0.41389155988147336,2024-05-13
DISHTV, EQ, 13-May-2024,16.2,16.2,16.25,15.6,16.1,16.0,15.94,18010539,2870.81,9577, 3257738, 18.09,0.18087953947408236,2024-05-13
DIVGIITTS, EQ, 13-May-2024,801.8,801.8,811.4,786.05,797.2,801.8,797.61,16785,133.88,2498, 8706, 51.87,0.5186773905272565,2024-05-13
DIVISLAB, EQ, 13-May-2024,3793.5,3776.1,3933.2,3724.0,3903.95,3911.5,3882.33,608329,23617.36,60449, 270875, 44.53,0.445277144439933,2024-05-13
DIVOPPBEES, EQ, 13-May-2024,74.3,76.55,76.55,73.06,74.32,74.21,73.7,43071,31.75,1420, 26672, 61.93,0.6192565763506768,2024-05-13
DIXON, EQ, 13-May-2024,8418.55,8449.0,8449.9,8176.1,8291.0,8262.7,8307.3,344010,28577.95,54571, 109525, 31.84,0.31837737275079214,2024-05-13
DJML, BE, 13-May-2024,279.6,279.8,284.5,276.5,280.0,279.9,279.26,4240,11.84,102, -, -,,2024-05-13
DLF, EQ, 13-May-2024,825.85,831.8,842.05,810.6,841.1,838.75,829.62,3983559,33048.52,126501, 1371463, 34.43,0.3442808302826693,2024-05-13
DLINKINDIA, EQ, 13-May-2024,341.05,359.0,404.45,351.0,386.0,387.5,380.18,9088484,34552.94,181671, 1115557, 12.27,0.12274401319295936,2024-05-13
DMART, EQ, 13-May-2024,4796.8,4799.95,4809.0,4667.0,4683.15,4693.7,4714.11,190782,8993.67,33021, 95930, 50.28,0.5028252141187324,2024-05-13
DMCC, EQ, 13-May-2024,316.05,316.05,317.7,305.1,315.0,311.05,310.84,40641,126.33,2716, 20527, 50.51,0.5050810757609311,2024-05-13
DNAMEDIA, BE, 13-May-2024,4.15,4.0,4.15,4.0,4.0,4.15,4.02,41483,1.67,116, -, -,,2024-05-13
DODLA, EQ, 13-May-2024,936.3,929.8,952.9,918.2,946.25,947.6,936.75,33030,309.41,6272, 13919, 42.14,0.4214047835301241,2024-05-13
DOLATALGO, EQ, 13-May-2024,133.45,134.4,134.95,128.0,129.8,130.05,130.69,1035421,1353.2,11465, 386955, 37.37,0.3737175506388223,2024-05-13
DOLLAR, EQ, 13-May-2024,583.6,586.55,592.55,571.0,577.25,578.45,582.76,83707,487.81,6679, 37538, 44.84,0.44844517184942717,2024-05-13
DOLPHIN, BE, 13-May-2024,642.25,674.35,674.35,674.35,674.35,674.35,674.35,11578,78.08,236, -, -,,2024-05-13
DOMS, EQ, 13-May-2024,1815.85,1829.9,1829.9,1780.2,1781.5,1798.1,1798.32,33328,599.34,7091, 18831, 56.50,0.5650204032645223,2024-05-13
DONEAR, EQ, 13-May-2024,101.15,101.6,101.6,98.3,99.75,99.95,99.68,48938,48.78,722, 21649, 44.24,0.44237606767746945,2024-05-13
DPABHUSHAN, EQ, 13-May-2024,1139.15,1156.25,1160.95,1101.1,1148.4,1149.45,1139.75,22878,260.75,5285, 4247, 18.56,0.1856368563685637,2024-05-13
DPSCLTD, EQ, 13-May-2024,16.85,16.9,17.05,16.25,16.5,16.65,16.51,293935,48.54,1639, 177077, 60.24,0.6024359127017878,2024-05-13
DPWIRES, EQ, 13-May-2024,454.85,458.05,464.9,447.0,455.5,456.3,454.23,30863,140.19,3820, 13984, 45.31,0.4530991802481936,2024-05-13
DRCSYSTEMS, EQ, 13-May-2024,17.5,17.85,19.25,17.1,19.25,19.0,18.24,958231,174.77,1234, 854269, 89.15,0.8915063278061345,2024-05-13
DREAMFOLKS, EQ, 13-May-2024,512.8,512.8,515.8,504.55,506.5,505.75,506.86,97466,494.01,8834, 52869, 54.24,0.5424353107750395,2024-05-13
DREDGECORP, EQ, 13-May-2024,740.3,740.0,758.4,718.9,752.85,752.95,739.09,43243,319.6,2167, 26451, 61.17,0.6116828157158384,2024-05-13
DRREDDY, EQ, 13-May-2024,5921.0,5921.0,5949.0,5850.5,5921.6,5908.55,5898.77,170564,10061.17,28724, 80983, 47.48,0.4747953847236228,2024-05-13
DSSL, EQ, 13-May-2024,1200.85,1185.7,1198.8,1129.3,1159.05,1166.85,1165.38,29934,348.85,3934, 14673, 49.02,0.49017839246341954,2024-05-13
DTIL, EQ, 13-May-2024,197.5,198.9,198.9,192.55,194.35,195.15,195.21,2685,5.24,184, 1944, 72.40,0.7240223463687151,2024-05-13
DUCON, BE, 13-May-2024,6.6,6.9,6.9,6.9,6.9,6.9,6.9,223547,15.42,346, -, -,,2024-05-13
DVL, EQ, 13-May-2024,308.1,311.85,319.7,305.0,319.0,318.2,313.82,33804,106.08,1184, 22616, 66.90,0.6690332505028991,2024-05-13
DWARKESH, EQ, 13-May-2024,69.1,69.1,69.4,67.4,67.85,67.8,67.93,666169,452.52,7617, 364354, 54.69,0.5469392901801194,2024-05-13
DYCL, EQ, 13-May-2024,435.8,446.1,522.95,446.1,522.95,522.95,495.06,1671327,8273.99,51225, 445832, 26.68,0.26675330441020817,2024-05-13
DYNAMATECH, EQ, 13-May-2024,7722.1,7800.05,7800.05,7430.1,7630.0,7573.35,7548.16,9373,707.49,4607, 4596, 49.03,0.49034460684946124,2024-05-13
DYNPRO, EQ, 13-May-2024,269.45,270.5,272.2,265.45,269.9,268.1,268.77,5841,15.7,648, 2756, 47.18,0.47183701420989554,2024-05-13
E2E, BE, 13-May-2024,1070.55,1070.0,1112.0,1017.05,1106.0,1088.65,1031.18,34106,351.7,973, -, -,,2024-05-13
EASEMYTRIP, EQ, 13-May-2024,43.1,43.2,43.4,42.05,43.2,43.1,42.76,7693395,3289.82,21144, 3021270, 39.27,0.3927095904993829,2024-05-13
EBBETF0425, EQ, 13-May-2024,1207.34,1243.55,1243.55,1206.3,1206.75,1207.65,1206.69,3027,36.53,70, 2848, 94.09,0.9408655434423522,2024-05-13
EBBETF0430, EQ, 13-May-2024,1358.18,1398.95,1398.95,1317.45,1361.84,1361.42,1361.12,13448,183.04,425, 10014, 74.46,0.7446460440214159,2024-05-13
EBBETF0431, EQ, 13-May-2024,1215.34,1216.0,1217.49,1215.13,1216.0,1216.56,1216.35,12539,152.52,135, 12138, 96.80,0.9680197782917298,2024-05-13
EBBETF0433, EQ, 13-May-2024,1110.11,1110.05,1112.0,1108.1,1112.0,1111.79,1110.44,3395,37.7,58, 2941, 86.63,0.8662739322533137,2024-05-13
ECLERX, EQ, 13-May-2024,2295.6,2329.0,2329.0,2151.3,2180.0,2175.7,2198.04,133150,2926.69,19825, 73777, 55.41,0.5540893728877206,2024-05-13
EDELWEISS, EQ, 13-May-2024,76.95,76.95,78.2,75.05,76.85,76.7,76.42,4017289,3069.92,27591, 1338167, 33.31,0.3331019998810143,2024-05-13
EDUCOMP, BZ, 13-May-2024,3.35,3.35,3.5,3.25,3.5,3.4,3.43,157713,5.41,174, -, -,,2024-05-13
EGOLD, EQ, 13-May-2024,74.15,72.3,74.35,72.3,74.0,74.0,74.0,84196,62.31,46, 83906, 99.66,0.9965556558506342,2024-05-13
EICHERMOT, EQ, 13-May-2024,4657.85,4679.0,4733.8,4528.3,4667.35,4657.45,4652.33,1738770,80893.35,141022, 826357, 47.53,0.47525377134411106,2024-05-13
EIDPARRY, EQ, 13-May-2024,607.7,609.0,615.85,603.0,611.0,610.8,609.49,336259,2049.45,23472, 173310, 51.54,0.5154062790884407,2024-05-13
EIFFL, EQ, 13-May-2024,134.1,136.4,137.45,130.7,131.6,131.85,132.05,20292,26.8,860, 14702, 72.45,0.724521979105066,2024-05-13
EIHAHOTELS, EQ, 13-May-2024,739.6,739.6,772.9,718.75,759.65,759.0,746.52,52913,395.01,6373, 28348, 53.57,0.5357473588721108,2024-05-13
EIHOTEL, EQ, 13-May-2024,485.8,488.15,489.9,472.25,473.6,474.25,480.12,311548,1495.79,12296, 200511, 64.36,0.6435958503986544,2024-05-13
EIMCOELECO, BE, 13-May-2024,1895.65,1889.75,1990.4,1831.0,1990.4,1981.8,1918.91,6739,129.32,372, -, -,,2024-05-13
EKC, EQ, 13-May-2024,134.3,134.0,137.7,129.7,136.0,136.15,134.28,342488,459.88,7497, 137308, 40.09,0.40091331667094904,2024-05-13
ELDEHSG, EQ, 13-May-2024,1020.35,1031.6,1043.95,975.05,980.0,991.95,997.36,3022,30.14,559, 1122, 37.13,0.37127729980145596,2024-05-13
ELECON, EQ, 13-May-2024,996.45,995.85,1013.2,961.55,1009.0,1007.6,980.44,359816,3527.77,32620, 128339, 35.67,0.35667952509060186,2024-05-13
ELECTCAST, EQ, 13-May-2024,171.0,171.0,174.75,163.1,166.5,165.9,167.03,3559875,5946.01,34464, 1550991, 43.57,0.4356869272095228,2024-05-13
ELECTHERM, BE, 13-May-2024,752.55,737.5,737.5,737.5,737.5,737.5,737.5,9370,69.1,59, -, -,,2024-05-13
ELGIEQUIP, EQ, 13-May-2024,630.85,635.0,642.0,617.0,624.95,626.6,626.11,118773,743.65,7965, 49395, 41.59,0.41587734586143316,2024-05-13
ELGIRUBCO, EQ, 13-May-2024,62.25,62.4,64.4,59.55,62.5,63.35,62.28,192575,119.94,2085, 93913, 48.77,0.48766973906270283,2024-05-13
ELIN, EQ, 13-May-2024,158.15,158.95,159.6,153.0,154.85,155.5,155.62,150610,234.38,5687, 87561, 58.14,0.5813757386627714,2024-05-13
EMAMILTD, EQ, 13-May-2024,522.8,519.8,529.0,509.6,518.0,518.9,520.26,297274,1546.61,21810, 131988, 44.40,0.4439944293816479,2024-05-13
EMAMIPAP, EQ, 13-May-2024,108.35,109.95,110.8,108.15,109.2,109.7,109.25,24881,27.18,618, 12679, 50.96,0.5095856275873156,2024-05-13
EMAMIREAL, EQ, 13-May-2024,101.8,103.8,103.8,99.0,100.0,100.0,100.65,37935,38.18,459, 23159, 61.05,0.6104916304204561,2024-05-13
EMIL, EQ, 13-May-2024,216.1,216.0,217.6,206.55,208.7,210.3,210.64,158480,333.83,4255, 80268, 50.65,0.5064866229177183,2024-05-13
EMKAY, EQ, 13-May-2024,164.1,159.8,168.1,158.25,164.95,164.35,162.83,109862,178.89,3059, 46833, 42.63,0.4262893448144035,2024-05-13
EMMBI, EQ, 13-May-2024,99.4,98.6,100.7,97.5,100.45,99.45,99.28,16424,16.31,523, 10258, 62.46,0.6245737944471506,2024-05-13
EMSLIMITED, EQ, 13-May-2024,423.35,424.9,424.95,404.15,412.4,411.65,411.65,245814,1011.9,17130, 119971, 48.81,0.48805600982856956,2024-05-13
EMUDHRA, EQ, 13-May-2024,737.3,740.6,756.9,732.0,753.75,752.3,744.04,150953,1123.15,12788, 76761, 50.85,0.5085092710976264,2024-05-13
ENDURANCE, EQ, 13-May-2024,2093.45,2124.85,2125.0,2020.0,2060.0,2059.3,2061.37,101722,2096.86,16764, 31484, 30.95,0.30951023377440473,2024-05-13
ENERGYDEV, EQ, 13-May-2024,23.25,23.05,23.9,22.65,23.35,23.3,23.24,56451,13.12,587, 31110, 55.11,0.5510974119147579,2024-05-13
ENGINERSIN, EQ, 13-May-2024,222.0,222.0,227.95,215.3,223.3,224.7,222.82,5382136,11992.42,53300, 1385098, 25.74,0.2573509848134644,2024-05-13
ENIL, EQ, 13-May-2024,241.5,240.6,242.45,235.0,237.1,237.65,237.17,50551,119.89,2962, 30925, 61.18,0.6117584221874938,2024-05-13
ENTERO, EQ, 13-May-2024,1047.1,1056.95,1056.95,1020.65,1034.0,1031.65,1031.86,26041,268.71,4152, 15246, 58.55,0.585461387811528,2024-05-13
EPACK, EQ, 13-May-2024,179.75,182.0,185.8,174.5,185.0,184.7,181.28,548687,994.64,12169, 279466, 50.93,0.5093359237598121,2024-05-13
EPIGRAL, EQ, 13-May-2024,1278.1,1277.0,1277.0,1214.1,1245.4,1249.8,1241.23,71742,890.48,8979, 34989, 48.77,0.4877059463076022,2024-05-13
EPL, EQ, 13-May-2024,190.3,191.35,191.95,186.3,188.95,188.3,188.9,458760,866.61,19049, 253553, 55.27,0.5526920394105851,2024-05-13
EQUAL50ADD, EQ, 13-May-2024,286.13,286.14,289.5,282.7,289.5,286.61,284.17,48419,137.59,226, 46826, 96.71,0.9670996922695636,2024-05-13
EQUIPPP, BE, 13-May-2024,29.9,30.6,30.65,29.05,29.6,29.6,29.63,34206,10.14,67, -, -,,2024-05-13
EQUITASBNK, EQ, 13-May-2024,93.45,93.45,93.45,91.3,91.8,91.7,91.9,1836244,1687.45,15605, 933627, 50.84,0.5084438669370738,2024-05-13
ERIS, EQ, 13-May-2024,856.25,853.75,858.4,833.55,851.3,850.05,843.27,63727,537.39,11389, 39195, 61.50,0.6150454281544714,2024-05-13
EROSMEDIA, EQ, 13-May-2024,20.4,20.1,20.45,19.5,20.1,20.0,20.03,308441,61.78,1197, 158201, 51.29,0.5129052233652465,2024-05-13
ESABINDIA, EQ, 13-May-2024,5058.5,5240.0,5690.0,5240.0,5669.0,5628.45,5534.97,74362,4115.92,20119, 15644, 21.04,0.21037626744842797,2024-05-13
ESAFSFB, EQ, 13-May-2024,55.35,55.7,55.7,53.9,55.0,54.95,54.79,1230753,674.3,8987, 898167, 72.98,0.7297703113459809,2024-05-13
ESCORTS, EQ, 13-May-2024,3553.3,3541.0,3619.0,3510.0,3605.0,3599.75,3580.53,346779,12416.52,29068, 86058, 24.82,0.24816381614803665,2024-05-13
ESG, EQ, 13-May-2024,36.95,37.01,37.2,36.61,37.2,37.15,36.81,10815,3.98,234, 9611, 88.87,0.888673139158576,2024-05-13
ESILVER, EQ, 13-May-2024,86.1,86.21,87.93,85.06,85.6,85.69,85.72,46980,40.27,55, 44834, 95.43,0.9543209876543209,2024-05-13
ESSARSHPNG, EQ, 13-May-2024,27.7,28.5,28.5,26.05,26.95,26.9,26.84,464011,124.56,1761, 246201, 53.06,0.5305930247343275,2024-05-13
ESSENTIA, BE, 13-May-2024,4.1,4.05,4.05,4.05,4.05,4.05,4.05,230281,9.33,496, -, -,,2024-05-13
ESTER, EQ, 13-May-2024,118.05,118.45,119.95,112.95,118.0,117.25,116.89,224391,262.3,3761, 76262, 33.99,0.33986211568200153,2024-05-13
ETHOSLTD, EQ, 13-May-2024,2269.95,2275.0,2348.0,2221.15,2301.5,2312.55,2294.84,54351,1247.27,8280, 21769, 40.05,0.40052620926937865,2024-05-13
EUROTEXIND, BE, 13-May-2024,13.6,13.6,13.6,13.6,13.6,13.6,13.6,16,0.0,3, -, -,,2024-05-13
EVEREADY, EQ, 13-May-2024,332.7,330.5,333.7,324.9,326.6,326.25,327.36,119440,391.0,4831, 64065, 53.64,0.5363780977896851,2024-05-13
EVERESTIND, EQ, 13-May-2024,1172.35,1161.0,1188.95,1140.55,1140.55,1152.05,1158.05,10279,119.04,1177, 6772, 65.88,0.6588189512598501,2024-05-13
EXCEL, EQ, 13-May-2024,0.5,0.55,0.55,0.5,0.55,0.5,0.53,4766378,25.28,4418, 2534683, 53.18,0.5317838828561227,2024-05-13
EXCELINDUS, EQ, 13-May-2024,971.15,971.25,975.75,949.95,957.1,959.4,959.11,8237,79.0,1170, 5085, 61.73,0.6173364088867306,2024-05-13
EXICOM, EQ, 13-May-2024,260.65,261.0,263.9,248.9,256.0,254.75,254.39,632508,1609.04,11511, 309208, 48.89,0.4888602199497872,2024-05-13
EXIDEIND, EQ, 13-May-2024,452.25,452.25,459.65,435.0,455.2,455.8,446.25,3521742,15715.62,52125, 1089409, 30.93,0.3093381059714198,2024-05-13
EXPLEOSOL, EQ, 13-May-2024,1312.15,1312.15,1370.0,1298.85,1357.0,1353.5,1340.63,34804,466.59,4425, 22235, 63.89,0.6388633490403401,2024-05-13
EXXARO, EQ, 13-May-2024,94.9,95.0,95.4,90.15,93.0,92.55,92.71,44171,40.95,1126, 25372, 57.44,0.574404020737588,2024-05-13
FACT, EQ, 13-May-2024,659.9,663.75,663.9,632.05,647.0,644.0,642.67,206031,1324.09,14771, 59859, 29.05,0.29053394877469896,2024-05-13
FAIRCHEMOR, EQ, 13-May-2024,1394.8,1400.0,1419.6,1351.0,1410.0,1405.15,1393.45,13507,188.21,3444, 6147, 45.51,0.45509735692603837,2024-05-13
FAZE3Q, EQ, 13-May-2024,441.15,441.15,441.15,423.05,433.0,433.95,431.87,18626,80.44,2040, 11356, 60.97,0.6096853860195426,2024-05-13
FCL, EQ, 13-May-2024,345.7,345.95,366.7,340.25,365.0,363.8,357.2,714546,2552.37,27558, 168947, 23.64,0.23643964139467577,2024-05-13
FCONSUMER, EQ, 13-May-2024,1.15,1.15,1.15,1.1,1.1,1.1,1.11,3779250,41.76,4310, 3360148, 88.91,0.8891044519415228,2024-05-13
FCSSOFT, EQ, 13-May-2024,3.85,3.85,3.85,3.65,3.75,3.75,3.74,8659315,324.17,6878, 5138681, 59.34,0.5934281175820489,2024-05-13
FDC, EQ, 13-May-2024,439.9,440.0,442.1,427.5,436.0,437.1,434.23,81174,352.48,6763, 43000, 52.97,0.5297262670313154,2024-05-13
FEDERALBNK, EQ, 13-May-2024,159.95,160.95,162.55,158.25,162.45,161.7,159.98,16577995,26520.74,89433, 7697030, 46.43,0.46429197258172655,2024-05-13
FEDFINA, EQ, 13-May-2024,125.0,125.2,125.9,122.1,125.15,124.9,124.24,199337,247.66,5551, 94116, 47.21,0.4721451612094092,2024-05-13
FEL, BZ, 13-May-2024,0.7,0.7,0.75,0.65,0.7,0.7,0.7,424122,2.97,163, -, -,,2024-05-13
FELDVR, BE, 13-May-2024,5.0,5.05,5.25,4.75,4.8,4.8,4.96,25386,1.26,54, -, -,,2024-05-13
FIBERWEB, EQ, 13-May-2024,38.75,39.0,39.95,36.55,39.3,39.05,38.21,485067,185.36,3272, 267146, 55.07,0.550740413180035,2024-05-13
FIEMIND, EQ, 13-May-2024,1144.05,1144.05,1169.95,1121.1,1155.0,1153.9,1142.33,25460,290.84,5921, 12630, 49.61,0.4960722702278083,2024-05-13
FILATEX, EQ, 13-May-2024,56.55,56.9,57.0,54.6,55.45,55.3,55.53,964544,535.57,4152, 318897, 33.06,0.3306194429699423,2024-05-13
FILATFASH, EQ, 13-May-2024,13.0,13.35,13.45,11.9,12.05,12.05,12.69,3741559,474.98,5386, 1422106, 38.01,0.38008380998402,2024-05-13
FINCABLES, EQ, 13-May-2024,1027.65,1020.1,1034.05,994.15,1020.5,1022.55,1012.63,191540,1939.59,18839, 86443, 45.13,0.45130521039991645,2024-05-13
FINEORG, EQ, 13-May-2024,4406.2,4428.2,4428.2,4250.0,4300.0,4286.75,4306.63,19790,852.28,6839, 7550, 38.15,0.3815058110156645,2024-05-13
FINIETF, EQ, 13-May-2024,23.02,23.31,23.31,22.61,23.2,23.02,22.84,117501,26.84,826, 71707, 61.03,0.6102671466625816,2024-05-13
FINOPB, EQ, 13-May-2024,285.5,287.4,287.4,278.3,282.45,280.9,281.38,39550,111.29,2953, 16436, 41.56,0.41557522123893803,2024-05-13
FINPIPE, EQ, 13-May-2024,273.5,271.0,273.8,264.85,271.2,271.15,270.05,967097,2611.67,26519, 415644, 42.98,0.4297852231989139,2024-05-13
FIVESTAR, EQ, 13-May-2024,728.85,732.8,749.6,715.2,722.8,722.0,734.51,677946,4979.55,38839, 426513, 62.91,0.629125328565992,2024-05-13
FLAIR, EQ, 13-May-2024,283.5,281.25,286.5,280.0,282.05,283.0,283.83,97082,275.55,6699, 59944, 61.75,0.6174574071403556,2024-05-13
FLEXITUFF, BE, 13-May-2024,34.75,33.5,35.95,33.5,35.1,35.1,34.73,2394,0.83,21, -, -,,2024-05-13
FLFL, BZ, 13-May-2024,2.1,2.2,2.2,2.0,2.05,2.05,2.04,139183,2.85,80, -, -,,2024-05-13
FLUOROCHEM, EQ, 13-May-2024,3283.65,3284.0,3289.65,3200.15,3220.0,3222.1,3237.32,32335,1046.79,5745, 18628, 57.61,0.5760940157723828,2024-05-13
FMCGIETF, EQ, 13-May-2024,57.63,58.44,58.75,56.99,57.5,57.46,57.45,411320,236.28,2214, 294842, 71.68,0.7168190216862783,2024-05-13
FMGOETZE, EQ, 13-May-2024,364.55,364.55,369.7,355.15,362.8,366.45,362.42,42679,154.68,3002, 23343, 54.69,0.5469434616556151,2024-05-13
FMNL, BE, 13-May-2024,5.8,5.85,6.05,5.55,5.7,5.75,5.81,50003,2.91,124, -, -,,2024-05-13
FOCUS, EQ, 13-May-2024,151.75,153.95,154.05,149.35,150.1,150.75,150.9,46520,70.2,2909, 18551, 39.88,0.39877472055030094,2024-05-13
FOODSIN, EQ, 13-May-2024,145.65,146.85,146.85,140.1,144.0,144.3,142.74,294278,420.06,5341, 154462, 52.49,0.5248846328981439,2024-05-13
FORCEMOT, EQ, 13-May-2024,9086.05,9088.5,9149.0,8590.0,8796.0,8795.6,8756.99,45566,3990.21,12908, 21825, 47.90,0.4789755519466269,2024-05-13
FORTIS, EQ, 13-May-2024,441.6,442.0,449.0,434.0,448.9,446.3,441.03,572434,2524.58,26604, 299758, 52.37,0.5236551288008748,2024-05-13
FOSECOIND, EQ, 13-May-2024,3289.85,3312.0,3370.05,3237.05,3368.0,3363.1,3314.46,1736,57.54,712, 948, 54.61,0.5460829493087558,2024-05-13
FRETAIL, BZ, 13-May-2024,2.2,2.1,2.1,2.1,2.1,2.1,2.1,165772,3.48,157, -, -,,2024-05-13
FSC, BZ, 13-May-2024,5.2,5.25,5.25,4.95,5.15,5.15,5.08,36957,1.88,103, -, -,,2024-05-13
FSL, EQ, 13-May-2024,185.85,184.55,185.7,180.1,184.5,184.05,182.88,1064705,1947.13,21804, 417570, 39.22,0.39219314270149946,2024-05-13
FUSION, EQ, 13-May-2024,473.05,480.15,480.15,462.6,464.5,464.5,466.33,142663,665.27,15221, 82195, 57.61,0.5761479851117669,2024-05-13
GABRIEL, EQ, 13-May-2024,368.15,369.95,370.7,353.0,361.6,361.45,359.75,156443,562.81,10932, 66656, 42.61,0.42607211572265935,2024-05-13
GAEL, EQ, 13-May-2024,149.95,150.7,151.4,146.7,150.5,150.4,149.18,300332,448.04,7281, 129672, 43.18,0.4317621831839431,2024-05-13
GAIL, EQ, 13-May-2024,192.55,192.55,193.7,187.35,193.2,192.95,191.06,12436159,23760.45,78253, 4796265, 38.57,0.3856709294244308,2024-05-13
GALAXYSURF, EQ, 13-May-2024,2476.1,2483.55,2570.0,2466.25,2516.6,2544.45,2507.86,26624,667.69,4387, 17883, 67.17,0.6716871995192307,2024-05-13
GALLANTT, BE, 13-May-2024,280.75,283.8,283.8,269.0,278.0,278.6,274.93,52640,144.72,743, -, -,,2024-05-13
GANDHAR, EQ, 13-May-2024,219.4,218.55,219.8,214.2,217.6,218.05,217.17,210075,456.21,7229, 85632, 40.76,0.40762584791146017,2024-05-13
GANDHITUBE, EQ, 13-May-2024,819.65,822.7,880.0,803.0,821.6,824.45,844.48,34046,287.51,3837, 4303, 12.64,0.12638782823239147,2024-05-13
GANECOS, EQ, 13-May-2024,1049.9,1047.05,1060.7,1030.0,1035.4,1036.2,1037.48,27766,288.07,6352, 15239, 54.88,0.5488367067636678,2024-05-13
GANESHBE, EQ, 13-May-2024,156.15,150.25,152.7,148.0,148.85,149.15,150.05,465151,697.94,10231, 275408, 59.21,0.592083001003975,2024-05-13
GANESHHOUC, EQ, 13-May-2024,785.05,800.0,818.9,763.6,810.0,804.4,798.69,152492,1217.94,6793, 88692, 58.16,0.58161739632243,2024-05-13
GANGAFORGE, BE, 13-May-2024,7.75,7.75,8.1,7.6,8.1,8.1,8.05,206708,16.64,596, -, -,,2024-05-13
GANGESSECU, EQ, 13-May-2024,155.5,156.05,160.0,148.5,149.05,149.7,152.21,42789,65.13,1569, 19133, 44.71,0.4471476314005936,2024-05-13
GANGOTRI, BZ, 13-May-2024,1.35,1.4,1.4,1.3,1.35,1.35,1.31,3997,0.05,21, -, -,,2024-05-13
GARFIBRES, EQ, 13-May-2024,3189.45,3199.0,3226.0,3167.55,3175.5,3183.05,3189.09,4270,136.17,2115, 2326, 54.47,0.5447306791569086,2024-05-13
GATECH, BE, 13-May-2024,1.1,1.15,1.15,1.1,1.15,1.15,1.14,299712,3.43,364, -, -,,2024-05-13
GATECHDVR, BE, 13-May-2024,3.0,3.0,3.0,2.95,3.0,3.0,2.96,34078,1.01,48, -, -,,2024-05-13
GATEWAY, EQ, 13-May-2024,101.35,101.85,105.6,100.8,104.4,104.0,103.16,601473,620.49,8848, 323279, 53.75,0.5374788228233022,2024-05-13
GAYAHWS, EQ, 13-May-2024,1.2,1.25,1.25,1.25,1.25,1.25,1.25,250488,3.13,63, 250488, 100.00,1.0,2024-05-13
GAYAPROJ, BZ, 13-May-2024,5.45,5.5,5.5,5.2,5.4,5.35,5.29,237573,12.58,285, -, -,,2024-05-13
GEECEE, EQ, 13-May-2024,301.65,301.5,308.0,290.1,293.5,294.7,296.5,24982,74.07,754, 21092, 84.43,0.8442878872788407,2024-05-13
GEEKAYWIRE, EQ, 13-May-2024,96.0,96.0,96.0,88.95,92.8,92.2,92.06,155592,143.24,3790, 95374, 61.30,0.6129749601521929,2024-05-13
GENCON, EQ, 13-May-2024,39.15,40.7,40.7,38.05,38.9,38.7,38.94,24396,9.5,323, 13479, 55.25,0.5525086079685194,2024-05-13
GENESYS, EQ, 13-May-2024,545.7,550.0,550.0,527.95,533.5,535.7,537.18,89230,479.32,9832, 44330, 49.68,0.49680600694833577,2024-05-13
GENSOL, EQ, 13-May-2024,897.65,913.95,913.95,855.0,871.0,875.3,875.37,102835,900.19,6337, 62197, 60.48,0.6048232605630379,2024-05-13
GENUSPAPER, EQ, 13-May-2024,22.5,22.6,22.9,21.85,22.4,22.55,22.34,1485872,331.92,3762, 458740, 30.87,0.30873453433404763,2024-05-13
GENUSPOWER, EQ, 13-May-2024,273.7,275.6,278.7,261.6,271.15,269.5,269.65,795173,2144.22,8406, 636238, 80.01,0.8001252557619537,2024-05-13
GEOJITFSL, EQ, 13-May-2024,100.9,100.1,100.4,95.25,99.0,98.4,97.25,2143921,2084.93,15626, 731732, 34.13,0.3413054865361177,2024-05-13
GEPIL, EQ, 13-May-2024,303.3,304.3,307.2,296.3,302.0,301.8,301.09,185164,557.51,10183, 85120, 45.97,0.45970058974746714,2024-05-13
GESHIP, EQ, 13-May-2024,992.0,1015.0,1028.8,962.0,1005.0,1001.8,1003.33,2179556,21868.19,87703, 765428, 35.12,0.35118528727869347,2024-05-13
GET&D, BE, 13-May-2024,994.6,980.0,1044.1,971.05,1040.0,1043.2,1026.66,48852,501.54,5146, -, -,,2024-05-13
GFLLIMITED, EQ, 13-May-2024,77.4,77.7,77.7,74.85,75.4,76.8,76.33,79507,60.68,1437, 39057, 49.12,0.4912397650521338,2024-05-13
GFSTEELS, BE, 13-May-2024,8.65,9.05,9.05,9.05,9.05,9.05,9.05,5952,0.54,7, -, -,,2024-05-13
GHCL, EQ, 13-May-2024,488.5,490.95,496.0,485.55,490.0,492.5,490.71,130095,638.39,11153, 54605, 41.97,0.4197317345017103,2024-05-13
GHCLTEXTIL, EQ, 13-May-2024,85.3,85.95,87.0,83.1,84.3,84.25,84.79,300727,254.97,3811, 120416, 40.04,0.40041632444043934,2024-05-13
GICHSGFIN, EQ, 13-May-2024,209.5,209.9,211.5,204.0,210.0,208.35,207.67,271333,563.47,7834, 89085, 32.83,0.3283234991689179,2024-05-13
GICRE, EQ, 13-May-2024,321.5,321.5,324.95,316.95,323.1,322.8,321.5,467900,1504.3,18286, 178105, 38.06,0.380647574268006,2024-05-13
GILLANDERS, BE, 13-May-2024,81.6,80.05,81.6,79.5,81.5,81.4,81.22,5499,4.47,24, -, -,,2024-05-13
GILLETTE, EQ, 13-May-2024,6798.9,6839.0,7074.0,6770.0,6900.0,6888.55,6922.49,32576,2255.07,11322, 13033, 40.01,0.40007981335952847,2024-05-13
GILT5YBEES, EQ, 13-May-2024,55.65,55.65,55.74,55.53,55.74,55.65,55.61,155811,86.65,387, 92366, 59.28,0.592807953225382,2024-05-13
GINNIFILA, EQ, 13-May-2024,36.85,36.85,37.9,35.1,36.65,36.9,36.53,92849,33.92,696, 49538, 53.35,0.5335329405809432,2024-05-13
GIPCL, EQ, 13-May-2024,175.75,175.75,178.95,169.6,178.9,177.85,175.24,258507,453.01,10229, 134091, 51.87,0.5187132263342965,2024-05-13
GKWLIMITED, BE, 13-May-2024,2392.9,2440.8,2440.8,2282.65,2282.65,2292.5,2380.37,966,22.99,70, -, -,,2024-05-13
GLAND, EQ, 13-May-2024,1710.0,1695.0,1770.0,1685.0,1759.3,1764.4,1746.65,377296,6590.04,30740, 263380, 69.81,0.6980726008226963,2024-05-13
GLAXO, EQ, 13-May-2024,1972.3,1980.15,2015.85,1967.8,2000.0,1999.35,1996.22,60938,1216.46,11532, 28799, 47.26,0.47259509665561716,2024-05-13
GLENMARK, EQ, 13-May-2024,1023.95,1025.0,1040.7,1010.0,1035.5,1033.15,1027.04,473458,4862.61,24090, 123847, 26.16,0.2615796966151169,2024-05-13
GLFL, BE, 13-May-2024,7.75,7.75,7.75,7.4,7.6,7.55,7.47,4937,0.37,43, -, -,,2024-05-13
GLOBAL, BE, 13-May-2024,241.4,241.05,243.9,229.5,243.0,242.0,236.32,30776,72.73,642, -, -,,2024-05-13
GLOBALVECT, BE, 13-May-2024,191.55,187.75,187.75,187.75,187.75,187.75,187.75,2527,4.74,58, -, -,,2024-05-13
GLOBE, EQ, 13-May-2024,3.35,3.25,3.4,3.2,3.2,3.2,3.22,2223857,71.51,1171, 2036256, 91.56,0.9156416082508902,2024-05-13
GLOBUSSPR, EQ, 13-May-2024,767.2,763.2,766.95,740.0,744.9,742.7,748.07,57014,426.5,6575, 27483, 48.20,0.4820394990704038,2024-05-13
GLOSTERLTD, EQ, 13-May-2024,839.6,840.0,864.9,828.0,853.0,833.5,838.32,2123,17.8,295, 1813, 85.40,0.8539802166745172,2024-05-13
GLS, EQ, 13-May-2024,827.75,832.0,832.0,806.6,815.0,812.3,816.81,59120,482.9,4200, 35930, 60.77,0.6077469553450608,2024-05-13
GMBREW, EQ, 13-May-2024,744.5,742.0,765.8,730.0,753.0,754.05,747.8,91608,685.05,12025, 16814, 18.35,0.1835429220155445,2024-05-13
GMDCLTD, EQ, 13-May-2024,392.25,392.2,395.95,379.5,390.1,390.55,387.93,1524290,5913.23,33802, 455248, 29.87,0.29866232803469156,2024-05-13
GMMPFAUDLR, EQ, 13-May-2024,1331.8,1336.75,1348.9,1324.25,1348.85,1339.4,1338.45,59689,798.91,10414, 31348, 52.52,0.5251888957764412,2024-05-13
GMRINFRA, EQ, 13-May-2024,80.1,80.3,82.55,78.65,82.4,82.35,80.78,16718497,13505.56,47730, 6429383, 38.46,0.3845670457099104,2024-05-13
GMRP&UI, EQ, 13-May-2024,61.55,61.55,64.4,58.55,63.6,63.2,61.19,3027708,1852.59,11565, 1525628, 50.39,0.5038887501700957,2024-05-13
GNA, EQ, 13-May-2024,397.3,397.3,408.45,389.7,403.7,400.8,395.13,61358,242.44,4360, 29138, 47.49,0.47488510055738453,2024-05-13
GNFC, EQ, 13-May-2024,645.75,647.5,651.75,633.6,647.5,648.6,642.88,350040,2250.35,15005, 68744, 19.64,0.196388984116101,2024-05-13
GOACARBON, EQ, 13-May-2024,888.0,898.9,902.15,855.2,874.55,875.4,872.99,53378,465.98,6951, 13720, 25.70,0.2570347334107685,2024-05-13
GOCLCORP, EQ, 13-May-2024,398.55,400.0,405.3,393.8,399.9,399.75,399.67,135980,543.47,7050, 91346, 67.18,0.6717605530225033,2024-05-13
GOCOLORS, EQ, 13-May-2024,955.2,967.95,975.2,938.0,966.55,957.65,954.93,22644,216.24,4534, 8042, 35.51,0.3551492669139728,2024-05-13
GODFRYPHLP, EQ, 13-May-2024,3396.15,3395.0,3395.0,3274.9,3315.0,3316.3,3315.87,43240,1433.78,9220, 13175, 30.47,0.3046947271045328,2024-05-13
GODHA, EQ, 13-May-2024,0.7,0.7,0.7,0.65,0.7,0.7,0.67,3137492,21.12,1503, 1423986, 45.39,0.45386123693701846,2024-05-13
GODREJAGRO, EQ, 13-May-2024,560.4,550.55,561.0,546.25,552.3,554.35,551.73,176376,973.12,13833, 80488, 45.63,0.4563432666575951,2024-05-13
GODREJCP, EQ, 13-May-2024,1320.95,1324.25,1349.5,1311.35,1344.0,1338.3,1336.89,1132890,15145.51,59760, 651275, 57.49,0.5748792910167801,2024-05-13
GODREJIND, EQ, 13-May-2024,822.6,826.05,833.95,805.45,826.85,825.75,821.96,123560,1015.61,15077, 46440, 37.58,0.37584978957591453,2024-05-13
GODREJPROP, EQ, 13-May-2024,2690.95,2690.0,2779.0,2626.15,2752.0,2766.6,2712.59,854811,23187.5,58901, 265398, 31.05,0.310475649003113,2024-05-13
GOENKA, BZ, 13-May-2024,0.9,0.9,0.9,0.85,0.9,0.9,0.85,589557,5.03,102, -, -,,2024-05-13
GOKEX, EQ, 13-May-2024,824.9,824.75,836.6,810.05,831.2,832.2,825.86,60825,502.33,10077, 31116, 51.16,0.5115659679408138,2024-05-13
GOKUL, BE, 13-May-2024,41.1,42.0,42.0,39.65,40.15,40.2,40.17,52560,21.11,233, -, -,,2024-05-13
GOKULAGRO, EQ, 13-May-2024,150.35,152.0,160.0,147.0,149.8,148.75,152.88,923974,1412.6,16384, 310757, 33.63,0.33632656330156474,2024-05-13
GOLD1, EQ, 13-May-2024,62.28,62.16,62.18,61.28,61.33,61.47,61.65,274660,169.33,1984, 217556, 79.21,0.792092041068958,2024-05-13
GOLDBEES, EQ, 13-May-2024,61.92,62.0,62.7,61.05,61.15,61.15,61.34,7487553,4592.82,43371, 5734948, 76.59,0.7659308722088511,2024-05-13
GOLDCASE, EQ, 13-May-2024,11.69,11.84,11.85,11.5,11.59,11.58,11.65,354509,41.28,3632, 230554, 65.03,0.6503473818718284,2024-05-13
GOLDENTOBC, BZ, 13-May-2024,40.9,38.85,38.85,38.85,38.85,38.85,38.85,871,0.34,26, -, -,,2024-05-13
GOLDETF, EQ, 13-May-2024,72.39,72.39,72.94,71.08,71.62,71.66,71.94,1698240,1221.71,1357, 1672996, 98.51,0.9851351987940457,2024-05-13
GOLDETFADD, EQ, 13-May-2024,72.47,72.47,73.75,71.55,71.6,71.6,71.63,16844,12.07,90, 15938, 94.62,0.9462123011161244,2024-05-13
GOLDIAM, EQ, 13-May-2024,162.0,162.6,163.05,157.05,159.5,160.5,160.2,237743,380.85,4318, 99561, 41.88,0.418775736825059,2024-05-13
GOLDIETF, EQ, 13-May-2024,63.92,65.85,65.85,62.91,63.3,63.24,63.27,710424,449.5,9483, 605318, 85.21,0.8520517324865151,2024-05-13
GOLDSHARE, EQ, 13-May-2024,62.25,62.25,62.5,61.3,61.7,61.35,61.57,107725,66.33,977, 91203, 84.66,0.8466279879322348,2024-05-13
GOLDTECH, EQ, 13-May-2024,125.7,127.95,129.0,123.0,125.85,125.15,126.42,35662,45.08,832, 27568, 77.30,0.7730357243003757,2024-05-13
GOODLUCK, EQ, 13-May-2024,890.25,881.2,905.0,860.05,873.9,867.7,872.15,70737,616.93,6861, 35506, 50.19,0.5019438200658778,2024-05-13
GOPAL, EQ, 13-May-2024,330.2,334.95,340.0,322.5,331.7,329.65,326.4,154239,503.44,5092, 78092, 50.63,0.5063051497999858,2024-05-13
GOYALALUM, BE, 13-May-2024,8.5,8.5,8.9,8.5,8.9,8.9,8.89,121042,10.77,232, -, -,,2024-05-13
GPIL, EQ, 13-May-2024,908.75,908.0,908.0,880.0,896.0,894.4,892.66,285709,2550.42,17463, 92607, 32.41,0.3241304964141837,2024-05-13
GPPL, EQ, 13-May-2024,198.6,198.5,200.65,192.5,198.7,198.8,196.47,1717954,3375.27,28679, 602995, 35.10,0.35099601037047556,2024-05-13
GPTHEALTH, EQ, 13-May-2024,158.6,158.7,159.5,153.0,154.55,153.8,154.49,245837,379.8,12920, 104801, 42.63,0.4263027941278164,2024-05-13
GPTINFRA, BE, 13-May-2024,214.65,214.65,219.0,205.75,217.9,216.1,212.37,55679,118.24,793, -, -,,2024-05-13
GRANULES, EQ, 13-May-2024,398.05,400.0,407.3,394.7,406.65,405.2,400.43,629286,2519.85,17316, 183318, 29.13,0.2913111049665812,2024-05-13
GRAPHITE, EQ, 13-May-2024,561.9,565.5,566.35,546.55,562.45,563.75,557.32,1306414,7280.87,46873, 494678, 37.87,0.3786533212289519,2024-05-13
GRASIM, EQ, 13-May-2024,2377.15,2377.9,2393.0,2347.05,2392.0,2385.2,2375.47,511264,12144.92,44671, 282535, 55.26,0.5526205639356575,2024-05-13
GRAVITA, EQ, 13-May-2024,909.6,915.0,915.45,885.05,902.05,906.8,899.6,98149,882.95,8914, 50403, 51.35,0.5135355428990617,2024-05-13
GREAVESCOT, EQ, 13-May-2024,131.75,131.6,132.7,128.5,131.5,131.75,130.56,803246,1048.69,9952, 359767, 44.79,0.44789143052066244,2024-05-13
GREENLAM, EQ, 13-May-2024,556.7,556.7,556.7,528.4,539.0,537.0,535.45,34490,184.68,5742, 15552, 45.09,0.4509133082052769,2024-05-13
GREENPANEL, EQ, 13-May-2024,293.05,295.0,295.0,289.0,295.0,294.85,292.06,161123,470.57,8586, 81742, 50.73,0.5073267007193263,2024-05-13
GREENPLY, EQ, 13-May-2024,239.2,237.6,238.7,230.0,234.55,235.45,234.06,222982,521.92,12903, 104152, 46.71,0.467087029446323,2024-05-13
GREENPOWER, BE, 13-May-2024,19.5,19.65,19.8,18.8,19.1,19.2,19.09,1896871,362.08,10102, -, -,,2024-05-13
GRINDWELL, EQ, 13-May-2024,2163.8,2177.1,2242.2,2055.65,2242.2,2231.25,2195.92,78918,1732.98,11853, 45342, 57.45,0.5745457310119364,2024-05-13
GRINFRA, EQ, 13-May-2024,1330.5,1350.0,1350.0,1303.1,1327.0,1324.5,1320.56,29887,394.68,3308, 14012, 46.88,0.46883260280389466,2024-05-13
GRMOVER, EQ, 13-May-2024,138.05,140.05,140.05,134.05,136.9,136.3,135.97,45833,62.32,1207, 28774, 62.78,0.6278009294613052,2024-05-13
GROBTEA, EQ, 13-May-2024,904.4,904.45,915.9,883.2,893.0,893.4,897.74,672,6.03,159, 507, 75.45,0.7544642857142857,2024-05-13
GRPLTD, EQ, 13-May-2024,7890.85,7884.2,8080.0,7458.25,7820.0,7961.8,7766.53,6703,520.59,3056, 1182, 17.63,0.1763389527077428,2024-05-13
GRSE, EQ, 13-May-2024,912.55,914.85,928.0,891.0,906.0,906.9,906.12,702634,6366.69,34275, 219899, 31.30,0.3129637905367517,2024-05-13
GRWRHITECH, EQ, 13-May-2024,1628.3,1630.0,1664.85,1579.35,1652.0,1645.65,1619.7,24608,398.58,5354, 14031, 57.02,0.5701804291287387,2024-05-13
GSEC10IETF, EQ, 13-May-2024,228.25,228.8,228.8,228.2,228.2,228.2,228.3,1200,2.74,10, 1151, 95.92,0.9591666666666666,2024-05-13
GSEC10YEAR, EQ, 13-May-2024,25.85,25.85,25.98,25.8,25.86,25.86,25.85,2886,0.75,37, 1942, 67.29,0.6729036729036729,2024-05-13
GSEC5IETF, EQ, 13-May-2024,55.4,55.99,55.99,55.3,55.35,55.57,55.5,3047,1.69,32, 1856, 60.91,0.6091237282573022,2024-05-13
GSFC, EQ, 13-May-2024,222.9,223.0,223.9,216.65,222.0,221.35,219.99,1445154,3179.25,22553, 516379, 35.73,0.35731762843267917,2024-05-13
GSLSU, EQ, 13-May-2024,209.8,215.5,215.5,207.0,207.0,207.8,209.83,38489,80.76,963, 22130, 57.50,0.5749694717971369,2024-05-13
GSPL, EQ, 13-May-2024,292.65,292.65,295.85,287.0,291.4,290.45,290.35,2523328,7326.53,27268, 1961251, 77.72,0.7772477458340731,2024-05-13
GSS, EQ, 13-May-2024,122.3,124.6,124.6,116.2,117.25,116.7,117.83,18777,22.13,645, 14592, 77.71,0.7771209458379933,2024-05-13
GTECJAINX, BE, 13-May-2024,73.8,73.8,73.8,73.8,73.8,73.8,73.8,150,0.11,6, -, -,,2024-05-13
GTL, BE, 13-May-2024,9.6,10.05,10.05,10.05,10.05,10.05,10.05,203229,20.42,710, -, -,,2024-05-13
GTLINFRA, EQ, 13-May-2024,1.6,1.6,1.6,1.55,1.6,1.6,1.55,60451674,939.8,19966, 33124596, 54.80,0.5479516745888625,2024-05-13
GTPL, EQ, 13-May-2024,175.85,175.0,177.35,171.5,174.75,173.9,172.6,102496,176.91,3275, 76219, 74.36,0.7436290196690603,2024-05-13
GUFICBIO, EQ, 13-May-2024,323.55,322.7,327.4,313.7,320.25,321.85,322.44,95046,306.46,11180, 43275, 45.53,0.4553058519032889,2024-05-13
GUJALKALI, EQ, 13-May-2024,774.15,774.15,777.95,738.0,774.0,773.65,761.02,88969,677.07,7113, 37439, 42.08,0.4208094954422327,2024-05-13
GUJAPOLLO, EQ, 13-May-2024,267.15,279.0,279.0,261.0,265.55,265.4,264.88,6349,16.82,289, 4248, 66.91,0.6690817451567176,2024-05-13
GUJGASLTD, EQ, 13-May-2024,530.05,531.0,539.25,519.35,536.0,536.75,530.32,624241,3310.48,20421, 104437, 16.73,0.16730237200055748,2024-05-13
GUJRAFFIA, EQ, 13-May-2024,40.35,40.95,40.95,38.35,39.35,39.2,38.89,7106,2.76,70, 5097, 71.73,0.7172811708415423,2024-05-13
GULFOILLUB, EQ, 13-May-2024,939.1,942.45,943.0,914.05,929.8,925.05,923.97,48620,449.23,7576, 20553, 42.27,0.42272727272727273,2024-05-13
GULFPETRO, EQ, 13-May-2024,62.7,62.7,64.8,60.95,63.95,63.75,62.92,75565,47.55,1248, 26937, 35.65,0.35647455832726793,2024-05-13
GULPOLY, EQ, 13-May-2024,196.75,197.8,198.95,192.55,198.9,197.25,195.67,80439,157.39,4493, 35614, 44.27,0.4427454344285732,2024-05-13
GVKPIL, EQ, 13-May-2024,10.15,10.45,10.45,9.65,10.05,10.05,9.88,3402153,336.24,6986, 2302603, 67.68,0.6768075980121999,2024-05-13
GVPTECH, EQ, 13-May-2024,10.8,11.05,11.2,10.7,11.05,10.95,11.03,170405,18.79,533, 90592, 53.16,0.5316275930870573,2024-05-13
HAL, EQ, 13-May-2024,3872.9,3875.5,3937.0,3762.6,3932.0,3921.75,3862.76,1619124,62542.91,127082, 578955, 35.76,0.3575729839098179,2024-05-13
HAPPSTMNDS, EQ, 13-May-2024,807.9,810.0,824.55,792.0,824.0,823.0,808.3,306460,2477.11,18861, 152466, 49.75,0.49750701559746785,2024-05-13
HAPPYFORGE, EQ, 13-May-2024,950.5,953.0,965.75,939.55,959.95,956.1,954.28,66776,637.23,7942, 35026, 52.45,0.5245297711752726,2024-05-13
HARDWYN, EQ, 13-May-2024,28.6,28.9,29.0,27.65,28.1,27.95,28.05,500874,140.52,1542, 411339, 82.12,0.8212424681656465,2024-05-13
HARIOMPIPE, EQ, 13-May-2024,553.1,555.9,568.85,545.1,560.0,558.0,555.41,56713,314.99,3846, 30933, 54.54,0.5454305009433463,2024-05-13
HARRMALAYA, EQ, 13-May-2024,178.25,179.0,179.05,173.2,177.0,177.15,175.69,14162,24.88,622, 7215, 50.95,0.5094619404038978,2024-05-13
HARSHA, EQ, 13-May-2024,411.25,407.0,417.5,404.75,414.3,413.15,411.3,45707,187.99,4742, 19786, 43.29,0.432887741483799,2024-05-13
HATHWAY, EQ, 13-May-2024,20.8,20.9,20.95,20.15,20.85,20.75,20.53,5396909,1107.96,8196, 1148529, 21.28,0.21281237093306557,2024-05-13
HATSUN, EQ, 13-May-2024,1037.3,1037.3,1047.45,1005.0,1021.0,1013.3,1019.31,13903,141.71,2191, 7468, 53.72,0.5371502553405739,2024-05-13
HAVELLS, EQ, 13-May-2024,1686.75,1689.85,1714.9,1675.6,1705.25,1702.4,1698.35,1539023,26138.06,71371, 826376, 53.69,0.5369484406665788,2024-05-13
HAVISHA, EQ, 13-May-2024,2.35,2.45,2.45,2.3,2.45,2.4,2.37,40312,0.96,171, 20605, 51.11,0.5111381226433817,2024-05-13
HBLPOWER, EQ, 13-May-2024,508.7,510.0,512.0,494.7,498.0,501.5,501.09,834181,4180.04,28816, 396541, 47.54,0.47536565805262887,2024-05-13
HBSL, EQ, 13-May-2024,87.9,89.6,89.6,82.85,84.25,84.8,85.39,8825,7.54,207, 5332, 60.42,0.6041926345609065,2024-05-13
HCC, EQ, 13-May-2024,34.15,33.95,34.4,32.8,33.9,33.9,33.61,9525787,3201.55,17580, 3834406, 40.25,0.40252905088052043,2024-05-13
HCG, EQ, 13-May-2024,355.2,355.8,360.0,352.0,357.65,356.8,355.58,47779,169.89,2749, 24915, 52.15,0.521463404424538,2024-05-13
HCL-INSYS, BE, 13-May-2024,17.4,17.4,17.7,16.85,17.35,17.35,17.1,148187,25.34,744, -, -,,2024-05-13
HCLTECH, EQ, 13-May-2024,1316.2,1316.2,1321.9,1301.65,1314.4,1312.9,1311.49,2316566,30381.42,95535, 1721834, 74.33,0.7432699953292935,2024-05-13
HDFCAMC, EQ, 13-May-2024,3639.6,3639.6,3692.7,3528.0,3663.2,3673.15,3610.5,472970,17076.56,48029, 164729, 34.83,0.34828636065712415,2024-05-13
HDFCBANK, EQ, 13-May-2024,1437.9,1432.0,1459.8,1430.3,1456.5,1455.25,1447.14,13523601,195705.07,463000, 7820181, 57.83,0.5782617366483971,2024-05-13
HDFCBSE500, EQ, 13-May-2024,32.63,33.18,33.19,32.71,32.91,32.87,32.87,32790,10.78,427, 17990, 54.86,0.548642878926502,2024-05-13
HDFCGOLD, EQ, 13-May-2024,63.73,63.89,63.89,62.84,63.0,63.01,63.11,1081751,682.71,2932, 808623, 74.75,0.7475130598446408,2024-05-13
HDFCGROWTH, EQ, 13-May-2024,108.34,108.34,109.29,107.72,109.15,109.09,108.42,1039,1.13,82, 789, 75.94,0.7593840230991338,2024-05-13
HDFCLIFE, EQ, 13-May-2024,548.55,553.8,568.45,547.15,568.15,559.65,559.02,7867089,43978.45,154276, 4505258, 57.27,0.5726715434387485,2024-05-13
HDFCLIQUID, EQ, 13-May-2024,1000.0,1000.0,1000.0,999.99,1000.0,1000.0,999.99,966,9.66,7, 966, 100.00,1.0,2024-05-13
HDFCLOWVOL, EQ, 13-May-2024,17.95,18.55,18.55,17.77,18.06,18.03,18.01,24546,4.42,191, 20330, 82.82,0.8282408539069502,2024-05-13
HDFCMID150, EQ, 13-May-2024,18.76,18.94,18.94,18.17,18.65,18.59,18.35,441417,80.98,2301, 239997, 54.37,0.5436967765174426,2024-05-13
HDFCMOMENT, EQ, 13-May-2024,32.49,33.15,33.15,31.75,32.55,32.48,32.17,333920,107.42,1834, 272148, 81.50,0.8150095831336848,2024-05-13
HDFCNEXT50, EQ, 13-May-2024,64.2,64.92,66.7,62.79,64.55,64.63,64.21,60114,38.6,519, 30005, 49.91,0.49913497687726655,2024-05-13
HDFCNIF100, EQ, 13-May-2024,23.37,23.38,24.33,22.92,23.3,23.63,23.24,65837,15.3,440, 58732, 89.21,0.8920819599921017,2024-05-13
HDFCNIFBAN, EQ, 13-May-2024,48.29,47.51,48.64,47.51,48.52,48.57,48.18,35192,16.95,252, 23546, 66.91,0.6690725164810184,2024-05-13
HDFCNIFIT, EQ, 13-May-2024,33.63,33.34,34.1,33.1,34.05,33.72,33.32,77319,25.77,294, 70299, 90.92,0.9092073099755558,2024-05-13
HDFCNIFTY, EQ, 13-May-2024,242.32,244.5,245.0,239.71,242.75,242.81,241.35,213249,514.67,2033, 181777, 85.24,0.8524166584602976,2024-05-13
HDFCPSUBK, EQ, 13-May-2024,71.0,71.01,71.68,68.32,69.51,70.12,69.53,68266,47.47,506, 40028, 58.64,0.5863533823572495,2024-05-13
HDFCPVTBAN, EQ, 13-May-2024,23.86,23.95,24.09,23.51,24.04,23.99,23.73,43887,10.42,299, 36146, 82.36,0.8236151935652927,2024-05-13
HDFCQUAL, EQ, 13-May-2024,53.34,53.49,53.49,51.98,53.05,52.91,52.6,5625,2.96,120, 4405, 78.31,0.7831111111111111,2024-05-13
HDFCSENSEX, EQ, 13-May-2024,80.18,81.0,81.29,79.5,81.0,80.33,80.04,63177,50.57,511, 44718, 70.78,0.7078208841825347,2024-05-13
HDFCSILVER, EQ, 13-May-2024,82.75,82.75,82.75,81.41,81.95,81.88,81.73,429072,350.69,813, 254028, 59.20,0.5920404966998546,2024-05-13
HDFCSML250, EQ, 13-May-2024,151.86,153.48,153.95,148.43,151.35,151.22,150.12,499482,749.8,10217, 375024, 75.08,0.7508258555863875,2024-05-13
HDFCVALUE, EQ, 13-May-2024,125.74,129.5,129.5,123.8,126.8,126.03,124.35,17293,21.5,222, 12099, 69.96,0.6996472561151911,2024-05-13
HDIL, BZ, 13-May-2024,4.3,4.5,4.5,4.1,4.2,4.2,4.19,205063,8.58,285, -, -,,2024-05-13
HEADSUP, BE, 13-May-2024,13.8,14.1,14.1,13.15,13.4,13.2,13.24,80790,10.7,174, -, -,,2024-05-13
HEALTHADD, EQ, 13-May-2024,117.46,117.85,119.57,117.66,119.2,119.25,118.25,1137,1.34,32, 733, 64.47,0.644678979771328,2024-05-13
HEALTHIETF, EQ, 13-May-2024,119.11,122.7,122.7,119.12,121.02,121.05,120.11,25006,30.03,515, 17208, 68.82,0.688154842837719,2024-05-13
HEALTHY, EQ, 13-May-2024,12.03,12.05,12.19,11.93,12.18,12.16,12.05,129761,15.64,1162, 98680, 76.05,0.760475027165327,2024-05-13
HECPROJECT, EQ, 13-May-2024,82.9,84.45,87.0,84.0,87.0,87.0,86.69,11620,10.07,100, 10541, 90.71,0.9071428571428571,2024-05-13
HEG, EQ, 13-May-2024,2385.8,2390.0,2409.0,2315.6,2383.55,2389.6,2369.6,246373,5838.06,20229, 49782, 20.21,0.2020594789201739,2024-05-13
HEIDELBERG, EQ, 13-May-2024,195.4,195.05,195.4,192.2,193.2,193.05,193.33,92168,178.19,2917, 57080, 61.93,0.6193038798715389,2024-05-13
HEMIPROP, EQ, 13-May-2024,194.15,195.95,195.95,187.5,193.5,193.45,191.33,630228,1205.84,12556, 285239, 45.26,0.452596520624282,2024-05-13
HERANBA, EQ, 13-May-2024,314.9,311.8,317.85,309.0,313.0,314.15,313.27,40898,128.12,4252, 17481, 42.74,0.42742921414250085,2024-05-13
HERCULES, EQ, 13-May-2024,472.4,473.35,473.95,451.95,468.8,463.8,461.02,58503,269.71,8347, 23488, 40.15,0.40148368459737105,2024-05-13
HERITGFOOD, EQ, 13-May-2024,346.0,348.95,366.85,345.0,366.5,363.05,356.36,1115489,3975.13,25906, 503333, 45.12,0.4512218408249655,2024-05-13
HEROMOTOCO, EQ, 13-May-2024,4877.4,4908.0,4909.95,4730.6,4881.1,4885.55,4813.48,624906,30079.75,59773, 210921, 33.75,0.3375243636642951,2024-05-13
HESTERBIO, EQ, 13-May-2024,1735.8,1740.0,1754.4,1685.3,1730.0,1724.55,1724.22,8606,148.39,1328, 4515, 52.46,0.5246339762956077,2024-05-13
HEUBACHIND, EQ, 13-May-2024,381.55,383.2,383.4,375.0,378.4,379.45,378.48,24211,91.63,2946, 13614, 56.23,0.5623063896575936,2024-05-13
HEXATRADEX, EQ, 13-May-2024,150.0,147.0,151.5,145.95,148.0,148.3,147.5,8625,12.72,766, 4630, 53.68,0.5368115942028986,2024-05-13
HFCL, EQ, 13-May-2024,93.7,93.3,93.55,90.2,92.7,92.9,91.87,10232874,9401.33,34512, 2683456, 26.22,0.26223874153048304,2024-05-13
HGINFRA, EQ, 13-May-2024,1181.1,1179.0,1200.0,1148.25,1191.6,1191.5,1183.17,240317,2843.36,24935, 93105, 38.74,0.3874257751220263,2024-05-13
HGS, EQ, 13-May-2024,823.95,831.85,833.95,805.15,814.85,813.1,813.14,17087,138.94,2336, 5132, 30.03,0.3003452917422602,2024-05-13
HIKAL, EQ, 13-May-2024,282.75,283.0,284.2,276.0,281.25,280.55,279.89,124672,348.95,7150, 57660, 46.25,0.46249358316221767,2024-05-13
HIL, EQ, 13-May-2024,2496.05,2480.9,2510.0,2450.0,2489.0,2468.15,2472.13,27223,672.99,2511, 23336, 85.72,0.8572163244315468,2024-05-13
HILTON, EQ, 13-May-2024,109.85,111.9,111.9,106.25,106.95,107.75,107.84,179683,193.78,944, 70453, 39.21,0.3920960803192289,2024-05-13
HIMATSEIDE, EQ, 13-May-2024,131.85,132.0,132.5,127.25,132.0,131.8,130.09,121163,157.63,3593, 56220, 46.40,0.4640030372308378,2024-05-13
HINDALCO, EQ, 13-May-2024,625.6,625.1,636.15,614.3,634.45,633.5,627.25,3582386,22470.43,94828, 1417641, 39.57,0.3957253629285063,2024-05-13
HINDCOMPOS, EQ, 13-May-2024,412.1,415.0,423.3,393.0,419.0,410.8,406.34,8282,33.65,848, 3397, 41.02,0.4101666264187394,2024-05-13
HINDCON, BE, 13-May-2024,53.95,52.9,52.9,52.9,52.9,52.9,52.9,5117,2.71,100, -, -,,2024-05-13
HINDCOPPER, EQ, 13-May-2024,372.95,370.45,370.45,354.45,368.6,366.8,361.4,9525604,34425.36,88371, 2920245, 30.66,0.30656796146470083,2024-05-13
HINDMOTORS, EQ, 13-May-2024,44.2,42.0,42.0,42.0,42.0,42.0,42.0,320490,134.61,2819, 320490, 100.00,1.0,2024-05-13
HINDNATGLS, BE, 13-May-2024,18.7,17.8,17.8,17.8,17.8,17.8,17.8,26763,4.76,18, -, -,,2024-05-13
HINDOILEXP, EQ, 13-May-2024,190.15,190.05,190.9,183.1,185.75,185.95,186.25,542032,1009.56,11507, 180864, 33.37,0.33367771644478555,2024-05-13
HINDPETRO, EQ, 13-May-2024,501.55,506.9,508.0,475.35,497.95,500.15,489.39,11344475,55519.09,154376, 3940829, 34.74,0.3473787019672572,2024-05-13
HINDUNILVR, EQ, 13-May-2024,2362.55,2374.0,2381.65,2347.9,2357.0,2360.65,2360.09,1170617,27627.58,81557, 654220, 55.89,0.5588676740556475,2024-05-13
HINDWAREAP, EQ, 13-May-2024,341.15,343.35,349.0,336.3,346.1,346.25,342.64,103391,354.26,7432, 44280, 42.83,0.428277122766972,2024-05-13
HINDZINC, EQ, 13-May-2024,525.5,529.0,586.0,506.8,572.3,579.1,551.23,25340856,139687.04,341947, 1886123, 7.44,0.07443012185539431,2024-05-13
HIRECT, EQ, 13-May-2024,674.35,673.75,682.0,647.55,662.55,668.1,660.6,15093,99.7,972, 9433, 62.50,0.6249917180149738,2024-05-13
HISARMETAL, EQ, 13-May-2024,193.1,190.1,199.95,187.05,196.3,197.2,194.78,29597,57.65,1052, 15851, 53.56,0.5355610365915464,2024-05-13
HITECH, EQ, 13-May-2024,124.55,119.0,125.45,116.3,125.0,125.0,121.26,902666,1094.55,12256, 378251, 41.90,0.41903760637932524,2024-05-13
HITECHCORP, EQ, 13-May-2024,205.4,201.0,207.95,200.0,204.9,204.8,203.39,9465,19.25,396, 5443, 57.51,0.5750660327522451,2024-05-13
HITECHGEAR, BE, 13-May-2024,978.25,1006.8,1007.0,960.0,978.15,984.4,977.94,9135,89.33,415, -, -,,2024-05-13
HLEGLAS, EQ, 13-May-2024,428.25,431.0,437.0,421.15,436.0,433.45,427.42,29877,127.7,3891, 14387, 48.15,0.48154098470395285,2024-05-13
HLVLTD, BE, 13-May-2024,26.6,26.6,26.95,25.8,26.2,26.35,26.25,140891,36.98,1000, -, -,,2024-05-13
HMAAGRO, EQ, 13-May-2024,55.0,56.1,56.2,53.8,54.5,54.35,54.71,736112,402.73,3892, 399376, 54.25,0.5425478731497381,2024-05-13
HMT, BZ, 13-May-2024,52.6,51.05,53.9,51.05,53.9,52.95,52.36,4716,2.47,68, -, -,,2024-05-13
HMVL, EQ, 13-May-2024,106.0,104.2,105.3,101.75,103.45,104.0,103.61,62948,65.22,1110, 26251, 41.70,0.41702675223994407,2024-05-13
HNDFDS, EQ, 13-May-2024,495.4,500.0,502.0,488.0,495.0,495.65,492.93,35247,173.74,4817, 19850, 56.32,0.5631684966096405,2024-05-13
HNGSNGBEES, EQ, 13-May-2024,316.91,318.0,330.38,310.1,330.38,329.17,326.33,879990,2871.69,8353, 619858, 70.44,0.70439209536472,2024-05-13
HOMEFIRST, EQ, 13-May-2024,817.7,820.0,824.25,783.0,800.0,791.1,799.57,323891,2589.73,32592, 177906, 54.93,0.549277380353267,2024-05-13
HONASA, EQ, 13-May-2024,429.0,429.15,429.5,422.0,422.0,425.5,425.81,212664,905.55,6808, 122995, 57.84,0.5783536470676748,2024-05-13
HONAUT, EQ, 13-May-2024,46823.2,47050.0,47999.0,46624.95,47170.0,47277.45,47348.18,10677,5055.37,5981, 2047, 19.17,0.19172052074552778,2024-05-13
HONDAPOWER, EQ, 13-May-2024,2399.7,2399.7,2432.75,2340.55,2385.2,2371.8,2385.18,6750,161.0,1778, 2571, 38.09,0.3808888888888889,2024-05-13
HOVS, BE, 13-May-2024,60.4,60.4,61.65,59.2,60.6,60.6,60.2,10206,6.14,63, -, -,,2024-05-13
HPAL, EQ, 13-May-2024,99.35,99.9,102.0,97.0,100.1,100.9,100.0,167916,167.92,2788, 81798, 48.71,0.4871364253555349,2024-05-13
HPIL, EQ, 13-May-2024,147.25,150.05,150.05,141.6,144.1,146.9,146.32,3877,5.67,407, 1853, 47.79,0.4779468661336085,2024-05-13
HPL, EQ, 13-May-2024,397.3,401.05,401.1,376.35,388.0,388.0,384.47,443605,1705.53,13395, 163146, 36.78,0.36777313150212465,2024-05-13
HSCL, EQ, 13-May-2024,346.15,346.15,348.55,330.0,339.95,339.55,337.43,422987,1427.28,11730, 270569, 63.97,0.6396626846687959,2024-05-13
HTMEDIA, EQ, 13-May-2024,27.55,29.9,29.9,26.8,27.15,27.25,27.65,1088485,301.01,3808, 278932, 25.63,0.25625709127824453,2024-05-13
HUBTOWN, BE, 13-May-2024,130.1,132.3,133.5,126.0,131.4,131.75,129.27,90329,116.76,303, -, -,,2024-05-13
HUDCO, EQ, 13-May-2024,214.1,217.0,219.9,208.0,216.2,216.35,214.56,14047717,30141.08,82785, 3430511, 24.42,0.24420416498994107,2024-05-13
HUHTAMAKI, EQ, 13-May-2024,297.05,299.4,299.4,292.0,294.95,293.05,293.84,62913,184.87,3887, 33920, 53.92,0.5391572488992736,2024-05-13
HYBRIDFIN, EQ, 13-May-2024,8.75,8.7,9.15,8.7,9.05,9.05,9.0,6879,0.62,70, 6392, 92.92,0.9292048262828899,2024-05-13
IBREALEST, EQ, 13-May-2024,121.55,121.15,121.45,116.0,117.55,117.55,117.71,12352638,14540.36,58673, 4333832, 35.08,0.3508426297281601,2024-05-13
IBULHSGFIN, EQ, 13-May-2024,154.9,154.9,155.7,150.6,153.95,153.45,152.95,4762261,7284.03,28348, 2105531, 44.21,0.44212843437182464,2024-05-13
ICDSLTD, BE, 13-May-2024,37.0,37.0,37.15,35.15,35.15,35.15,35.93,1286,0.46,35, -, -,,2024-05-13
ICEMAKE, EQ, 13-May-2024,479.15,480.6,482.55,465.05,468.2,470.2,471.23,20683,97.46,2312, 12425, 60.07,0.6007349030604845,2024-05-13
ICICIB22, EQ, 13-May-2024,103.69,106.8,106.8,101.25,103.59,103.49,102.57,2404318,2466.13,8512, 1271080, 52.87,0.5286655093045096,2024-05-13
ICICIBANK, EQ, 13-May-2024,1117.05,1112.4,1130.65,1106.7,1126.65,1128.0,1118.74,9707983,108606.82,310812, 5335513, 54.96,0.5496005709939954,2024-05-13
ICICIGI, EQ, 13-May-2024,1661.5,1667.95,1688.55,1646.4,1687.95,1684.15,1667.23,379122,6320.82,28476, 212334, 56.01,0.5600677354519126,2024-05-13
ICICIPRULI, EQ, 13-May-2024,591.75,593.0,599.7,587.4,595.3,597.3,594.81,2220073,13205.29,55602, 1074784, 48.41,0.48412101764221266,2024-05-13
ICIL, EQ, 13-May-2024,370.15,370.15,372.7,354.4,360.0,359.15,360.04,331041,1191.87,17883, 179201, 54.13,0.5413256968170106,2024-05-13
ICRA, EQ, 13-May-2024,5105.15,5150.35,5150.35,4983.4,5036.0,5054.65,5043.31,2964,149.48,908, 1855, 62.58,0.6258434547908233,2024-05-13
IDBI, EQ, 13-May-2024,83.6,83.7,83.9,80.5,81.75,81.55,81.57,6707065,5470.71,22016, 2419452, 36.07,0.36073185514081046,2024-05-13
IDEA, EQ, 13-May-2024,12.7,12.6,12.7,12.3,12.65,12.6,12.51,357347341,44704.01,133547, 104332938, 29.20,0.29196506040323383,2024-05-13
IDEAFORGE, EQ, 13-May-2024,673.7,673.0,678.25,655.2,672.3,667.5,664.64,242070,1608.89,17137, 80767, 33.37,0.33365142314206636,2024-05-13
IDFC, EQ, 13-May-2024,112.75,113.2,114.4,110.45,114.25,113.9,111.84,6868861,7682.13,38212, 3449419, 50.22,0.5021820939454154,2024-05-13
IDFCFIRSTB, EQ, 13-May-2024,76.55,76.9,77.75,75.15,77.7,77.15,76.43,66890951,51121.74,105265, 26017990, 38.90,0.3889612811753865,2024-05-13
IDFNIFTYET, EQ, 13-May-2024,237.75,239.8,241.88,234.92,241.0,238.93,237.57,344,0.82,50, 316, 91.86,0.9186046511627907,2024-05-13
IEL, EQ, 13-May-2024,12.8,12.8,13.15,11.7,12.6,12.45,12.4,189168,23.45,724, 131798, 69.67,0.6967246045842849,2024-05-13
IEX, EQ, 13-May-2024,145.05,145.05,145.7,142.5,145.5,145.1,144.19,4407501,6355.05,30923, 1312355, 29.78,0.2977548955746125,2024-05-13
IFBAGRO, EQ, 13-May-2024,451.35,459.95,464.85,438.1,449.7,448.55,446.03,1874,8.36,326, 487, 25.99,0.25987193169690503,2024-05-13
IFBIND, EQ, 13-May-2024,1430.25,1444.9,1444.9,1382.5,1404.9,1399.95,1406.47,27775,390.65,5909, 13725, 49.41,0.49414941494149417,2024-05-13
IFCI, EQ, 13-May-2024,52.2,52.7,52.7,49.7,50.7,50.8,50.91,17975068,9151.39,37041, 4941332, 27.49,0.2748992103951985,2024-05-13
IFGLEXPOR, EQ, 13-May-2024,655.05,655.05,655.05,610.1,636.8,636.2,627.32,14944,93.75,2128, 7144, 47.81,0.47805139186295503,2024-05-13
IGARASHI, EQ, 13-May-2024,502.8,502.05,519.8,485.8,510.3,511.85,505.33,41001,207.19,4870, 20523, 50.05,0.5005487671032414,2024-05-13
IGL, EQ, 13-May-2024,446.0,450.0,450.9,432.05,435.4,434.7,436.77,1971398,8610.43,30898, 713486, 36.19,0.36191880076980903,2024-05-13
IGPL, EQ, 13-May-2024,499.65,501.95,503.05,483.55,495.9,494.2,492.66,31100,153.22,3585, 13073, 42.04,0.4203536977491961,2024-05-13
IIFL, EQ, 13-May-2024,399.8,401.8,402.0,385.35,394.95,396.15,394.66,821713,3242.99,32586, 229135, 27.89,0.2788504015392235,2024-05-13
IIFLSEC, EQ, 13-May-2024,142.1,145.0,145.55,139.0,142.7,143.15,142.59,1243101,1772.53,14344, 640293, 51.51,0.5150772141603941,2024-05-13
IITL, EQ, 13-May-2024,142.65,135.55,148.0,135.55,147.0,145.3,140.12,15600,21.86,286, 9928, 63.64,0.6364102564102564,2024-05-13
IKIO, EQ, 13-May-2024,285.25,286.45,288.35,282.0,284.9,283.7,284.19,76881,218.49,5206, 45546, 59.24,0.5924220548640106,2024-05-13
IL&FSENGG, BZ, 13-May-2024,26.85,27.4,27.4,25.5,25.5,25.5,25.74,20405,5.25,107, -, -,,2024-05-13
IL&FSTRANS, BZ, 13-May-2024,4.4,4.6,4.6,4.25,4.5,4.5,4.47,25319,1.13,73, -, -,,2024-05-13
IMAGICAA, EQ, 13-May-2024,79.15,79.8,80.7,76.95,80.25,80.25,78.91,1492174,1177.42,6292, 588262, 39.42,0.3942315038326629,2024-05-13
IMFA, EQ, 13-May-2024,662.25,663.05,688.85,642.7,678.0,680.3,666.98,133230,888.62,11170, 55727, 41.83,0.41827666441492156,2024-05-13
IMPAL, EQ, 13-May-2024,994.4,970.7,1009.0,970.7,982.0,995.75,993.6,2556,25.4,260, 2124, 83.10,0.8309859154929577,2024-05-13
IMPEXFERRO, BE, 13-May-2024,3.2,3.2,3.35,3.1,3.35,3.35,3.2,35999,1.15,68, -, -,,2024-05-13
INCREDIBLE, EQ, 13-May-2024,39.1,40.5,40.5,37.15,38.55,38.15,37.91,7290,2.76,118, 3943, 54.09,0.540877914951989,2024-05-13
INDBANK, EQ, 13-May-2024,47.35,47.35,47.9,45.55,46.05,46.35,46.29,130719,60.51,1032, 57635, 44.09,0.4409075956823415,2024-05-13
INDGN, EQ, 13-May-2024,452.0,655.0,660.0,527.1,569.5,570.9,585.87,35645437,208836.39,602631, 14786250, 41.48,0.41481466477743,2024-05-13
INDHOTEL, EQ, 13-May-2024,543.55,543.55,560.0,535.9,558.55,557.4,548.54,6078325,33342.29,101178, 3239005, 53.29,0.5328778898792019,2024-05-13
INDIACEM, EQ, 13-May-2024,205.7,207.45,207.45,201.55,205.55,205.75,204.91,1137273,2330.41,9720, 224225, 19.72,0.19716022450194456,2024-05-13
INDIAGLYCO, EQ, 13-May-2024,760.75,764.6,790.3,745.45,781.2,778.45,767.08,57206,438.82,8442, 27937, 48.84,0.48835786455966157,2024-05-13
INDIAMART, EQ, 13-May-2024,2665.8,2665.0,2675.65,2620.0,2645.0,2646.4,2644.63,83954,2220.27,14016, 35623, 42.43,0.4243156966910451,2024-05-13
INDIANB, EQ, 13-May-2024,514.3,515.05,517.25,500.4,511.5,512.85,509.95,1258958,6420.1,46175, 492294, 39.10,0.39103290181245126,2024-05-13
INDIANCARD, EQ, 13-May-2024,272.85,273.0,278.95,266.9,271.1,272.15,271.82,5085,13.82,446, 2587, 50.88,0.5087512291052114,2024-05-13
INDIANHUME, EQ, 13-May-2024,256.85,257.5,258.95,250.6,257.9,256.35,254.7,29179,74.32,2431, 12003, 41.14,0.41135748312142295,2024-05-13
INDIASHLTR, EQ, 13-May-2024,604.35,597.0,597.4,577.9,580.2,582.15,584.69,42544,248.75,4960, 20301, 47.72,0.47717657013915005,2024-05-13
INDIGO, EQ, 13-May-2024,4019.2,4006.1,4090.0,3980.05,4087.9,4082.0,4047.59,321881,13028.44,31759, 123525, 38.38,0.38375983670984,2024-05-13
INDIGOPNTS, EQ, 13-May-2024,1354.55,1374.85,1374.85,1333.4,1365.0,1370.15,1353.04,32039,433.5,6267, 14779, 46.13,0.461281563094978,2024-05-13
INDNIPPON, EQ, 13-May-2024,637.45,639.05,649.0,627.3,643.0,643.75,638.56,10361,66.16,1250, 5171, 49.91,0.4990831000868642,2024-05-13
INDOAMIN, EQ, 13-May-2024,130.55,130.5,131.95,127.5,128.05,128.0,128.65,46864,60.29,1078, 26744, 57.07,0.5706725844998293,2024-05-13
INDOBORAX, EQ, 13-May-2024,166.95,166.8,170.7,164.6,169.8,168.3,167.37,49539,82.91,3720, 21890, 44.19,0.441874079008458,2024-05-13
INDOCO, EQ, 13-May-2024,320.05,321.55,321.7,315.55,316.55,316.95,317.21,40233,127.62,3579, 24076, 59.84,0.5984142370690726,2024-05-13
INDORAMA, EQ, 13-May-2024,41.95,42.25,43.95,40.75,41.95,41.6,41.71,406294,169.48,3283, 89220, 21.96,0.21959467774567185,2024-05-13
INDOSTAR, EQ, 13-May-2024,228.05,228.05,230.0,218.05,225.7,224.35,222.48,152098,338.39,1618, 108893, 71.59,0.7159397230732817,2024-05-13
INDOTECH, BE, 13-May-2024,1450.75,1480.0,1480.0,1378.25,1426.9,1456.25,1401.04,31706,444.21,848, -, -,,2024-05-13
INDOTHAI, EQ, 13-May-2024,325.3,322.0,330.0,309.05,318.15,326.45,318.85,17926,57.16,441, 13631, 76.04,0.7604038826285842,2024-05-13
INDOWIND, EQ, 13-May-2024,21.7,22.35,22.35,20.9,21.05,21.0,21.19,241340,51.13,1537, 130707, 54.16,0.5415886301483385,2024-05-13
INDRAMEDCO, EQ, 13-May-2024,240.05,244.35,245.5,231.8,241.25,242.35,239.73,176515,423.15,8924, 80484, 45.60,0.4559612497521457,2024-05-13
INDSWFTLAB, EQ, 13-May-2024,108.1,109.3,111.6,102.8,106.35,105.2,106.98,315044,337.05,5155, 124501, 39.52,0.3951860692474702,2024-05-13
INDSWFTLTD, BE, 13-May-2024,22.1,21.65,21.65,21.65,21.65,21.65,21.65,24682,5.34,75, -, -,,2024-05-13
INDTERRAIN, EQ, 13-May-2024,71.0,70.1,73.0,69.3,69.7,70.1,70.54,58934,41.57,874, 19995, 33.93,0.3392778362235721,2024-05-13
INDUSINDBK, EQ, 13-May-2024,1410.15,1415.35,1417.75,1377.25,1406.4,1404.55,1394.34,3624862,50542.86,142340, 1514045, 41.77,0.4176834869851597,2024-05-13
INDUSTOWER, EQ, 13-May-2024,330.55,329.0,332.25,321.25,328.6,328.3,326.23,6016682,19628.09,79849, 2528118, 42.02,0.4201847463435827,2024-05-13
INFIBEAM, EQ, 13-May-2024,32.05,32.15,32.15,30.9,31.75,31.85,31.52,16001212,5044.21,22888, 3720409, 23.25,0.23250795002278576,2024-05-13
INFOBEAN, EQ, 13-May-2024,400.95,400.95,441.7,397.35,415.0,418.0,427.02,165122,705.11,15511, 50503, 30.59,0.305852642288732,2024-05-13
INFOMEDIA, BE, 13-May-2024,5.85,5.55,5.55,5.55,5.55,5.55,5.55,1914,0.11,18, -, -,,2024-05-13
INFRABEES, EQ, 13-May-2024,859.02,859.06,865.99,844.06,861.5,860.64,852.44,19134,163.1,1343, 12372, 64.66,0.6465976795233616,2024-05-13
INFRAIETF, EQ, 13-May-2024,84.8,86.0,86.0,83.07,84.62,84.76,84.26,85389,71.95,2637, 43053, 50.42,0.5041984330534378,2024-05-13
INFY, EQ, 13-May-2024,1424.9,1425.0,1425.0,1411.2,1423.75,1423.45,1418.38,3735954,52990.06,189679, 2639198, 70.64,0.7064321455778095,2024-05-13
INGERRAND, EQ, 13-May-2024,4356.5,4399.7,4399.7,4250.0,4306.0,4309.15,4312.85,10954,472.43,3937, 3948, 36.04,0.36041628628811395,2024-05-13
INNOVACAP, EQ, 13-May-2024,458.95,459.1,467.4,455.25,460.0,460.9,462.03,28385,131.15,4671, 16318, 57.49,0.574881099172098,2024-05-13
INOXGREEN, EQ, 13-May-2024,120.6,122.8,123.9,115.35,118.6,118.55,118.76,968334,1150.0,7376, 614110, 63.42,0.6341923344631089,2024-05-13
INOXINDIA, EQ, 13-May-2024,1300.55,1304.95,1338.0,1261.5,1285.9,1285.2,1296.51,783756,10161.48,65223, 169599, 21.64,0.21639260177912514,2024-05-13
INOXWIND, EQ, 13-May-2024,542.8,541.05,556.0,525.0,553.7,553.75,541.58,1195677,6475.59,41143, 533371, 44.61,0.4460828467888903,2024-05-13
INSECTICID, EQ, 13-May-2024,539.8,536.5,556.8,519.05,549.0,550.95,535.59,36255,194.18,4015, 15433, 42.57,0.42567921665977104,2024-05-13
INSPIRISYS, BE, 13-May-2024,115.45,109.7,109.7,109.7,109.7,109.7,109.7,1,0.0,1, -, -,,2024-05-13
INTELLECT, EQ, 13-May-2024,874.95,880.0,885.0,852.05,877.65,880.9,867.34,901697,7820.82,40940, 255571, 28.34,0.2834333484529726,2024-05-13
INTENTECH, EQ, 13-May-2024,119.4,125.15,138.85,120.15,126.8,126.65,126.27,249412,314.94,2614, 115357, 46.25,0.46251583724921014,2024-05-13
INTLCONV, EQ, 13-May-2024,83.8,83.6,84.0,82.0,83.9,82.7,82.85,187026,154.94,4345, 112710, 60.26,0.6026434827243271,2024-05-13
INVENTURE, BE, 13-May-2024,2.15,2.2,2.25,2.15,2.25,2.25,2.24,1519922,33.99,719, -, -,,2024-05-13
IOB, EQ, 13-May-2024,62.0,62.0,62.1,59.1,60.6,60.55,60.37,11598654,7001.62,35299, 3079787, 26.55,0.26552968991057063,2024-05-13
IOC, EQ, 13-May-2024,158.95,159.85,160.7,154.75,158.15,158.2,157.49,28720880,45231.96,141160, 12489716, 43.49,0.43486536624225997,2024-05-13
IOLCP, EQ, 13-May-2024,381.2,381.15,381.15,368.55,373.5,373.5,372.15,151583,564.12,11458, 76652, 50.57,0.505676757947791,2024-05-13
IONEXCHANG, EQ, 13-May-2024,518.95,520.45,529.55,507.25,515.9,510.8,515.88,242244,1249.68,26101, 116111, 47.93,0.47931424514126253,2024-05-13
IPCALAB, EQ, 13-May-2024,1312.95,1301.0,1314.3,1291.45,1296.1,1298.3,1300.37,417644,5430.91,10881, 331620, 79.40,0.7940255337081342,2024-05-13
IPL, EQ, 13-May-2024,214.6,214.85,228.0,211.7,226.8,225.8,220.66,643461,1419.86,7824, 351355, 54.60,0.5460393092976886,2024-05-13
IRB, EQ, 13-May-2024,62.65,63.6,64.4,60.7,63.95,63.95,62.51,27711411,17322.99,68390, 6828480, 24.64,0.24641401334634314,2024-05-13
IRCON, EQ, 13-May-2024,228.3,229.0,229.0,219.2,224.85,224.6,223.15,4942540,11029.35,61267, 1550419, 31.37,0.31368871066293846,2024-05-13
IRCTC, EQ, 13-May-2024,995.55,999.7,999.7,973.5,991.45,990.15,985.76,1422203,14019.54,59530, 379347, 26.67,0.26673196442420666,2024-05-13
IREDA, EQ, 13-May-2024,164.7,165.0,165.2,158.7,163.25,163.1,161.99,12640558,20476.33,99390, 4308338, 34.08,0.3408344789842347,2024-05-13
IRFC, EQ, 13-May-2024,148.05,148.05,148.45,143.1,146.0,145.9,145.44,20343612,29586.84,140251, 5077443, 24.96,0.24958414464452036,2024-05-13
IRIS, EQ, 13-May-2024,181.3,177.35,179.35,172.25,172.25,172.25,173.37,47627,82.57,605, 30918, 64.92,0.6491695886786907,2024-05-13
IRISDOREME, EQ, 13-May-2024,85.4,86.5,88.95,84.5,87.1,87.4,86.28,658350,568.05,5422, 288255, 43.78,0.43784461152882204,2024-05-13
IRMENERGY, EQ, 13-May-2024,556.15,554.95,564.0,539.35,559.8,560.55,553.12,86634,479.19,7558, 31548, 36.42,0.36415264214973336,2024-05-13
ISEC, EQ, 13-May-2024,724.05,725.0,739.95,722.1,735.6,738.35,728.95,958519,6987.1,21862, 703764, 73.42,0.734220187601915,2024-05-13
ISFT, EQ, 13-May-2024,119.8,121.6,123.9,117.05,120.0,122.05,120.75,35294,42.62,799, 19252, 54.55,0.5454751515838386,2024-05-13
ISGEC, EQ, 13-May-2024,985.95,981.65,1007.95,959.25,996.0,998.9,987.38,50063,494.31,7899, 20733, 41.41,0.41413818588578394,2024-05-13
ISMTLTD, EQ, 13-May-2024,99.6,94.0,95.45,92.3,95.1,94.2,93.87,824711,774.13,6279, 349539, 42.38,0.42383210603472005,2024-05-13
IT, EQ, 13-May-2024,34.83,34.95,34.95,34.39,34.95,34.92,34.64,51187,17.73,595, 35949, 70.23,0.7023072264442144,2024-05-13
ITBEES, EQ, 13-May-2024,34.89,34.98,35.17,34.71,35.16,35.11,34.89,4826417,1683.81,22189, 2846667, 58.98,0.5898095833824554,2024-05-13
ITC, EQ, 13-May-2024,433.35,433.25,435.45,429.5,431.65,431.85,431.83,7302959,31536.51,152030, 4216619, 57.74,0.5773850024353142,2024-05-13
ITDC, EQ, 13-May-2024,614.1,643.95,675.0,625.0,658.8,658.4,652.64,307756,2008.53,13069, 67174, 21.83,0.21827031804416486,2024-05-13
ITDCEM, EQ, 13-May-2024,369.6,369.0,372.5,352.0,364.2,365.0,363.4,530588,1928.18,18018, 227293, 42.84,0.42837945826140056,2024-05-13
ITETF, EQ, 13-May-2024,33.37,33.35,33.79,33.03,33.66,33.37,33.27,64096,21.32,531, 50038, 78.07,0.780672740888667,2024-05-13
ITETFADD, EQ, 13-May-2024,33.36,33.31,33.45,32.93,33.45,33.43,33.19,34676,11.51,293, 16216, 46.76,0.4676433267966317,2024-05-13
ITI, EQ, 13-May-2024,277.9,277.5,284.0,270.15,282.2,279.9,278.03,1059623,2946.08,28064, 127126, 12.00,0.11997285827129082,2024-05-13
ITIETF, EQ, 13-May-2024,34.95,34.96,35.13,34.64,35.0,35.01,34.81,365112,127.08,2436, 176165, 48.25,0.48249578211617256,2024-05-13
IVC, EQ, 13-May-2024,11.45,11.5,11.5,10.9,11.15,11.15,11.18,396935,44.36,1712, 240828, 60.67,0.6067189842165593,2024-05-13
IVP, BE, 13-May-2024,160.0,156.7,165.1,155.1,165.1,162.8,158.4,5188,8.22,92, -, -,,2024-05-13
IVZINGOLD, EQ, 13-May-2024,6490.0,6541.0,6541.0,6350.0,6390.0,6381.85,6399.33,412,26.37,94, 238, 57.77,0.5776699029126213,2024-05-13
IVZINNIFTY, EQ, 13-May-2024,2458.57,2458.57,2458.57,2458.57,2458.57,2458.57,2458.57,5,0.12,1, 5, 100.00,1.0,2024-05-13
IWEL, BE, 13-May-2024,6524.6,6500.0,6850.8,6221.0,6850.8,6850.8,6595.25,5522,364.19,980, -, -,,2024-05-13
IZMO, EQ, 13-May-2024,303.65,304.05,304.75,290.1,300.0,297.45,297.46,47774,142.11,2283, 25289, 52.93,0.5293465064679532,2024-05-13
J&KBANK, EQ, 13-May-2024,129.05,129.8,129.95,125.5,127.75,127.7,127.21,1790382,2277.53,17706, 597555, 33.38,0.33375838228936616,2024-05-13
JAGRAN, EQ, 13-May-2024,95.85,96.9,97.05,93.0,95.0,95.5,94.74,183741,174.08,2308, 89552, 48.74,0.4873816948857359,2024-05-13
JAGSNPHARM, EQ, 13-May-2024,322.6,327.2,329.0,314.95,329.0,324.65,321.92,7824,25.19,719, 3506, 44.81,0.4481083844580777,2024-05-13
JAIBALAJI, BE, 13-May-2024,887.75,882.0,887.0,843.4,885.0,873.85,858.83,97969,841.38,3185, -, -,,2024-05-13
JAICORPLTD, EQ, 13-May-2024,293.15,292.0,292.0,282.05,287.5,287.5,286.41,290874,833.08,5320, 112348, 38.62,0.38624284054264046,2024-05-13
JAIPURKURT, BE, 13-May-2024,46.25,46.3,47.95,45.0,45.0,45.3,45.82,23092,10.58,120, -, -,,2024-05-13
JAMNAAUTO, EQ, 13-May-2024,127.85,128.0,131.3,125.0,131.1,130.6,128.39,2567389,3296.19,27035, 998739, 38.90,0.389009612489576,2024-05-13
JASH, EQ, 13-May-2024,1990.15,2060.1,2140.0,2025.4,2075.0,2115.7,2080.18,79789,1659.75,9699, 45052, 56.46,0.5646392359849102,2024-05-13
JAYAGROGN, EQ, 13-May-2024,234.45,235.05,241.0,233.1,241.0,235.65,234.29,7251,16.99,605, 4074, 56.19,0.5618535374431113,2024-05-13
JAYBARMARU, EQ, 13-May-2024,111.1,112.4,112.95,107.05,109.9,109.75,108.88,154401,168.11,4404, 72033, 46.65,0.4665319525132609,2024-05-13
JAYNECOIND, EQ, 13-May-2024,48.1,48.5,49.0,47.0,47.25,47.25,47.59,100472,47.82,750, 65473, 65.17,0.6516541922127558,2024-05-13
JAYSREETEA, EQ, 13-May-2024,101.55,101.1,102.55,99.5,102.15,101.85,101.21,26490,26.81,444, 16890, 63.76,0.637599093997735,2024-05-13
JBCHEPHARM, EQ, 13-May-2024,1817.35,1800.15,1809.9,1774.65,1800.0,1793.2,1792.51,74619,1337.55,13586, 45421, 60.87,0.6087055575657674,2024-05-13
JBMA, EQ, 13-May-2024,1876.35,1895.0,1895.0,1801.05,1815.0,1814.1,1825.95,116813,2132.95,14664, 54030, 46.25,0.46253413575543817,2024-05-13
JCHAC, EQ, 13-May-2024,1183.5,1188.2,1207.35,1155.0,1191.0,1195.7,1174.4,37170,436.52,4972, 17544, 47.20,0.4719935431799839,2024-05-13
JETAIRWAYS, BZ, 13-May-2024,46.1,46.0,46.95,44.65,45.65,45.65,45.46,24366,11.08,334, -, -,,2024-05-13
JETFREIGHT, EQ, 13-May-2024,13.35,13.6,13.65,13.25,13.25,13.35,13.35,34057,4.55,228, 18520, 54.38,0.543794227324779,2024-05-13
JGCHEM, EQ, 13-May-2024,230.75,231.0,243.0,223.7,241.25,240.1,230.85,304453,702.82,5005, 153607, 50.45,0.5045343616256039,2024-05-13
JHS, BE, 13-May-2024,16.45,17.0,17.25,16.7,17.25,17.25,17.09,32261,5.51,138, -, -,,2024-05-13
JINDALPHOT, EQ, 13-May-2024,614.5,633.0,633.0,590.0,610.0,609.45,602.3,8135,49.0,934, 3310, 40.69,0.4068838352796558,2024-05-13
JINDALPOLY, EQ, 13-May-2024,518.35,515.2,520.9,506.0,511.85,509.95,512.1,16677,85.4,1793, 7430, 44.55,0.4455237752593392,2024-05-13
JINDALSAW, EQ, 13-May-2024,531.9,532.95,534.9,515.4,522.0,524.1,522.59,1097963,5737.81,36430, 613877, 55.91,0.5591053614739294,2024-05-13
JINDALSTEL, EQ, 13-May-2024,930.55,931.7,942.2,908.6,937.25,939.45,931.08,1965933,18304.4,57136, 691985, 35.20,0.35198808911595664,2024-05-13
JINDRILL, EQ, 13-May-2024,754.5,757.0,760.95,719.85,733.0,734.9,733.31,43265,317.27,5530, 20040, 46.32,0.46319195654686235,2024-05-13
JINDWORLD, EQ, 13-May-2024,353.3,355.05,375.0,346.7,362.5,363.6,362.32,195035,706.65,11567, 108063, 55.41,0.5540697823467583,2024-05-13
JIOFIN, EQ, 13-May-2024,347.85,347.85,347.9,335.4,341.95,341.35,340.71,20674537,70439.91,269503, 9173449, 44.37,0.44370759064640725,2024-05-13
JISLDVREQS, EQ, 13-May-2024,35.8,35.65,35.65,33.3,34.1,34.15,34.14,164592,56.2,1060, 70089, 42.58,0.4258347914843978,2024-05-13
JISLJALEQS, EQ, 13-May-2024,68.5,67.3,69.0,64.65,67.9,68.05,67.03,12333071,8267.28,27015, 2979703, 24.16,0.2416026794948314,2024-05-13
JITFINFRA, BE, 13-May-2024,792.75,800.0,807.0,753.15,760.0,766.15,757.8,54432,412.48,580, -, -,,2024-05-13
JKCEMENT, EQ, 13-May-2024,3840.9,3868.9,4083.95,3852.0,3930.2,3933.95,3921.2,399715,15673.64,51552, 146051, 36.54,0.36538783883517006,2024-05-13
JKIL, EQ, 13-May-2024,620.15,620.15,629.9,606.8,620.0,620.4,619.18,171344,1060.93,10239, 105726, 61.70,0.6170394061070128,2024-05-13
JKLAKSHMI, EQ, 13-May-2024,775.65,775.65,782.55,751.0,759.0,759.65,760.09,127011,965.39,9157, 60313, 47.49,0.47486438182519625,2024-05-13
JKPAPER, EQ, 13-May-2024,356.15,356.2,358.75,346.5,354.35,354.75,352.5,302095,1064.88,14248, 145980, 48.32,0.48322547542991445,2024-05-13
JKTYRE, EQ, 13-May-2024,385.85,362.75,385.95,362.75,382.0,380.5,377.52,830887,3136.77,28726, 322396, 38.80,0.38801425464593864,2024-05-13
JLHL, EQ, 13-May-2024,1239.25,1234.0,1323.7,1201.25,1285.05,1274.85,1276.69,176968,2259.33,23391, 55035, 31.10,0.31098842728628906,2024-05-13
JMA, BE, 13-May-2024,94.85,97.8,97.8,91.0,96.2,96.05,93.98,7770,7.3,147, -, -,,2024-05-13
JMFINANCIL, EQ, 13-May-2024,80.15,80.25,80.45,77.9,80.1,79.85,79.11,1484181,1174.18,8029, 466666, 31.44,0.3144266096924836,2024-05-13
JNKINDIA, EQ, 13-May-2024,605.6,604.4,622.0,583.8,616.5,618.1,603.84,534189,3225.67,34872, 186599, 34.93,0.34931269644264484,2024-05-13
JOCIL, EQ, 13-May-2024,183.1,178.2,183.5,176.2,178.1,178.3,178.8,7699,13.77,431, 3639, 47.27,0.4726587868554358,2024-05-13
JPASSOCIAT, EQ, 13-May-2024,16.75,16.75,16.75,15.9,16.35,16.4,16.29,20875000,3401.14,13438, 7505320, 35.95,0.3595362874251497,2024-05-13
JPOLYINVST, EQ, 13-May-2024,666.45,689.75,696.5,650.45,661.25,664.1,669.91,5931,39.73,1655, 2308, 38.91,0.38914179733603105,2024-05-13
JPPOWER, BE, 13-May-2024,18.2,18.45,18.55,17.55,18.0,18.05,18.01,16320993,2939.36,35125, -, -,,2024-05-13
JSFB, EQ, 13-May-2024,657.8,650.0,658.75,615.0,625.95,623.6,628.22,465561,2924.72,12952, 253013, 54.35,0.5434583223251088,2024-05-13
JSL, EQ, 13-May-2024,687.65,687.0,689.3,667.0,680.0,680.1,676.48,1179463,7978.8,66524, 597904, 50.69,0.5069290007401673,2024-05-13
JSWENERGY, EQ, 13-May-2024,570.25,570.25,576.5,552.0,574.0,574.4,565.38,3934451,22244.6,90457, 1264237, 32.13,0.32132488115876906,2024-05-13
JSWHL, EQ, 13-May-2024,6360.3,6365.0,6365.05,6015.0,6100.0,6112.95,6126.42,12826,785.78,4410, 5824, 45.41,0.4540776547637611,2024-05-13
JSWINFRA, EQ, 13-May-2024,245.45,245.45,250.4,242.6,249.8,249.0,247.97,3009469,7462.56,36236, 1580622, 52.52,0.5252162424666943,2024-05-13
JSWSTEEL, EQ, 13-May-2024,853.6,847.85,862.5,830.0,862.0,860.6,851.24,1735081,14769.72,89049, 764440, 44.06,0.44057885482003434,2024-05-13
JTEKTINDIA, EQ, 13-May-2024,166.1,166.1,166.35,161.0,164.2,164.25,163.5,77541,126.78,3444, 26117, 33.68,0.3368153621954837,2024-05-13
JTLIND, EQ, 13-May-2024,227.4,217.0,219.0,205.25,213.7,216.55,212.04,3886883,8241.6,42136, 972470, 25.02,0.25019276371323756,2024-05-13
JUBLFOOD, EQ, 13-May-2024,462.6,464.8,475.0,455.0,470.55,472.4,465.53,2305433,10732.53,43262, 780322, 33.85,0.33847090763427085,2024-05-13
JUBLINDS, EQ, 13-May-2024,1075.7,1075.7,1075.7,1026.1,1047.0,1041.0,1042.21,3473,36.2,578, 1629, 46.90,0.4690469334868989,2024-05-13
JUBLINGREA, EQ, 13-May-2024,529.95,532.5,532.55,510.85,518.0,519.65,519.66,242651,1260.95,17295, 70420, 29.02,0.2902110438448636,2024-05-13
JUBLPHARMA, EQ, 13-May-2024,699.1,700.0,700.0,677.2,687.95,687.95,687.64,177163,1218.24,15202, 73038, 41.23,0.4122644118692955,2024-05-13
JUNIORBEES, EQ, 13-May-2024,681.42,701.85,701.85,661.0,685.66,685.45,679.01,220006,1493.87,10995, 116806, 53.09,0.5309218839486196,2024-05-13
JUNIPER, EQ, 13-May-2024,471.3,466.8,471.3,458.35,461.0,461.05,464.36,124285,577.13,7749, 76632, 61.66,0.6165828539244479,2024-05-13
JUSTDIAL, EQ, 13-May-2024,1020.3,975.05,1015.0,966.0,1003.0,1006.6,987.55,893251,8821.32,51873, 167775, 18.78,0.18782514657134444,2024-05-13
JWL, EQ, 13-May-2024,488.55,490.0,507.0,470.15,483.95,483.45,486.34,9785283,47589.28,201550, 1979570, 20.23,0.2023007408165916,2024-05-13
JYOTHYLAB, EQ, 13-May-2024,460.3,467.05,473.65,452.0,453.0,454.45,460.57,857021,3947.18,38102, 172295, 20.10,0.2010394144367524,2024-05-13
JYOTICNC, EQ, 13-May-2024,810.2,818.0,849.4,800.0,832.0,832.8,827.44,255682,2115.61,9051, 129697, 50.73,0.5072590170602546,2024-05-13
JYOTISTRUC, BE, 13-May-2024,24.3,24.3,25.5,23.25,25.5,25.5,24.34,4437236,1079.97,2825, -, -,,2024-05-13
KABRAEXTRU, EQ, 13-May-2024,372.55,372.55,375.6,361.05,368.1,369.35,369.13,110133,406.53,9737, 40317, 36.61,0.3660755631826973,2024-05-13
KAJARIACER, EQ, 13-May-2024,1180.5,1182.4,1190.0,1145.35,1164.95,1160.2,1155.93,317021,3664.54,32614, 222187, 70.09,0.7008589336353113,2024-05-13
KAKATCEM, EQ, 13-May-2024,210.55,207.4,212.3,205.9,206.6,207.3,208.15,3887,8.09,273, 2225, 57.24,0.5724208901466427,2024-05-13
KALAMANDIR, EQ, 13-May-2024,184.95,185.7,186.4,180.75,183.5,183.2,182.93,205723,376.33,9733, 137726, 66.95,0.6694730292675102,2024-05-13
KALYANIFRG, EQ, 13-May-2024,423.2,431.9,431.9,416.0,420.1,421.45,421.7,1704,7.19,262, 792, 46.48,0.4647887323943662,2024-05-13
KALYANKJIL, EQ, 13-May-2024,410.55,415.0,417.45,395.95,399.9,400.1,401.52,1560214,6264.55,45572, 780123, 50.00,0.5000102550034803,2024-05-13
KAMATHOTEL, EQ, 13-May-2024,256.55,256.0,259.9,251.1,258.0,257.85,256.35,42647,109.32,1271, 25611, 60.05,0.600534621427064,2024-05-13
KAMDHENU, EQ, 13-May-2024,507.85,521.0,521.0,495.0,503.95,502.5,501.93,75913,381.03,4384, 27985, 36.86,0.368645686509557,2024-05-13
KAMOPAINTS, EQ, 13-May-2024,168.55,169.4,173.7,164.55,171.8,171.65,170.62,1132474,1932.22,9681, 864004, 76.29,0.7629349547980793,2024-05-13
KANANIIND, BE, 13-May-2024,3.4,3.55,3.55,3.5,3.55,3.55,3.55,467936,16.6,744, -, -,,2024-05-13
KANORICHEM, EQ, 13-May-2024,115.7,114.75,118.0,112.15,116.4,116.65,114.95,26163,30.07,448, 14662, 56.04,0.5604097389443107,2024-05-13
KANPRPLA, EQ, 13-May-2024,104.25,104.25,104.3,101.55,103.15,103.35,102.98,6188,6.37,456, 2635, 42.58,0.4258241758241758,2024-05-13
KANSAINER, EQ, 13-May-2024,277.85,280.3,280.3,269.3,270.15,270.25,272.69,533376,1454.48,15864, 349236, 65.48,0.6547651187904968,2024-05-13
KAPSTON, EQ, 13-May-2024,303.1,333.0,333.4,316.75,333.4,333.4,330.75,80267,265.49,2010, 37134, 46.26,0.4626309691404936,2024-05-13
KARMAENG, BE, 13-May-2024,71.55,71.5,71.5,70.15,70.15,70.15,70.65,4056,2.87,22, -, -,,2024-05-13
KARURVYSYA, EQ, 13-May-2024,190.4,191.0,195.0,180.0,188.35,187.2,185.57,9074284,16839.35,90464, 4017659, 44.28,0.44275217747207385,2024-05-13
KAUSHALYA, EQ, 13-May-2024,716.75,725.9,725.9,690.4,724.0,719.9,705.58,491,3.46,214, 256, 52.14,0.5213849287169042,2024-05-13
KAVVERITEL, EQ, 13-May-2024,18.05,17.15,17.15,17.15,17.15,17.15,17.15,11838,2.03,91, 10743, 90.75,0.90750126710593,2024-05-13
KAYA, EQ, 13-May-2024,350.35,346.25,355.45,341.7,352.0,353.35,347.95,5387,18.74,273, 3269, 60.68,0.6068312604418044,2024-05-13
KAYNES, EQ, 13-May-2024,2531.6,2520.05,2530.0,2432.8,2475.0,2465.65,2480.03,288606,7157.5,23505, 242386, 83.99,0.8398508693512955,2024-05-13
KBCGLOBAL, EQ, 13-May-2024,1.9,1.9,1.9,1.85,1.9,1.9,1.87,1136735,21.28,2255, 1118707, 98.41,0.9841405428705899,2024-05-13
KCP, EQ, 13-May-2024,159.4,160.9,165.0,156.1,161.4,162.4,160.29,343955,551.33,12016, 150494, 43.75,0.43753979444985536,2024-05-13
KCPSUGIND, EQ, 13-May-2024,36.0,36.35,36.35,34.75,35.35,35.3,35.2,269386,94.84,1665, 140994, 52.34,0.5233902281484561,2024-05-13
KDDL, EQ, 13-May-2024,2426.0,2425.95,2499.0,2360.0,2470.0,2459.1,2429.39,9455,229.7,3038, 5069, 53.61,0.5361184558434691,2024-05-13
KEC, EQ, 13-May-2024,724.0,727.65,727.8,715.05,716.3,717.15,720.58,131691,948.94,9402, 61677, 46.83,0.46834635624302345,2024-05-13
KECL, EQ, 13-May-2024,173.7,173.95,189.0,171.0,184.2,183.35,181.76,2742539,4984.73,24162, 903224, 32.93,0.3293386165155719,2024-05-13
KEEPLEARN, EQ, 13-May-2024,5.8,6.05,6.05,6.05,6.05,6.05,6.05,15932,0.96,14, 15932, 100.00,1.0,2024-05-13
KEI, EQ, 13-May-2024,3928.5,3953.9,3953.9,3815.0,3904.5,3905.05,3875.73,195636,7582.32,26129, 88412, 45.19,0.4519209143511419,2024-05-13
KELLTONTEC, EQ, 13-May-2024,96.1,97.9,97.9,93.5,95.0,94.5,94.67,420170,397.76,5991, 189486, 45.10,0.4509746055168146,2024-05-13
KERNEX, EQ, 13-May-2024,490.1,506.0,506.0,465.6,479.0,477.3,476.93,15742,75.08,793, 9648, 61.29,0.6128827340871554,2024-05-13
KESORAMIND, EQ, 13-May-2024,175.6,175.6,178.05,173.6,176.5,176.5,176.35,526694,928.84,4016, 265621, 50.43,0.504317497446335,2024-05-13
KEYFINSERV, BE, 13-May-2024,172.0,172.0,172.0,163.4,169.65,166.9,165.13,5230,8.64,78, -, -,,2024-05-13
KFINTECH, EQ, 13-May-2024,750.2,757.0,763.45,738.5,750.4,750.8,750.13,211354,1585.43,18658, 108664, 51.41,0.5141326873397238,2024-05-13
KHADIM, EQ, 13-May-2024,353.0,346.9,364.95,346.9,355.2,359.8,353.04,14448,51.01,943, 10737, 74.31,0.7431478405315615,2024-05-13
KHAICHEM, EQ, 13-May-2024,68.4,69.2,70.0,68.45,70.0,69.9,69.35,85547,59.32,1034, 49405, 57.75,0.5775187908401229,2024-05-13
KHAITANLTD, EQ, 13-May-2024,66.05,68.5,68.5,64.15,67.85,66.6,66.11,2288,1.51,80, 1225, 53.54,0.5354020979020979,2024-05-13
KHANDSE, EQ, 13-May-2024,27.05,27.4,28.1,27.4,27.45,27.9,27.63,2578,0.71,28, 2464, 95.58,0.9557796741660202,2024-05-13
KICL, EQ, 13-May-2024,4261.45,4265.0,4303.15,4105.05,4175.0,4202.65,4192.28,3862,161.91,1477, 1763, 45.65,0.4564992232004143,2024-05-13
KILITCH, EQ, 13-May-2024,330.55,329.15,340.15,321.9,325.15,327.65,327.27,3350,10.96,231, 2028, 60.54,0.6053731343283583,2024-05-13
KIMS, EQ, 13-May-2024,1998.5,1991.25,2011.0,1960.0,1974.0,1970.25,1973.52,12867,253.93,3676, 5451, 42.36,0.42364187456283514,2024-05-13
KINGFA, EQ, 13-May-2024,1992.2,1990.0,2043.0,1972.1,1985.0,1989.15,1997.08,6458,128.97,1068, 4104, 63.55,0.6354908640445959,2024-05-13
KIOCL, EQ, 13-May-2024,408.4,408.2,415.2,395.0,407.1,409.45,404.83,186750,756.03,14780, 47743, 25.57,0.2556519410977242,2024-05-13
KIRIINDUS, EQ, 13-May-2024,331.6,328.0,331.55,316.0,317.95,317.55,322.0,171150,551.1,8192, 97973, 57.24,0.5724393806602396,2024-05-13
KIRLOSBROS, EQ, 13-May-2024,1430.55,1441.75,1449.4,1381.0,1427.5,1424.8,1420.97,117360,1667.65,21366, 36476, 31.08,0.31080436264485345,2024-05-13
KIRLOSENG, EQ, 13-May-2024,1042.4,1044.95,1124.65,1040.0,1101.0,1102.25,1099.13,1460572,16053.63,69657, 729358, 49.94,0.4993646324864505,2024-05-13
KIRLOSIND, EQ, 13-May-2024,5438.0,5444.8,5600.0,5205.65,5463.75,5503.3,5380.38,9384,504.89,3681, 2713, 28.91,0.2891091219096334,2024-05-13
KIRLPNU, EQ, 13-May-2024,1057.35,1079.0,1079.0,1018.65,1060.0,1059.55,1051.26,118948,1250.45,9385, 72507, 60.96,0.6095688872448465,2024-05-13
KITEX, EQ, 13-May-2024,199.25,199.75,200.7,194.0,199.0,196.8,195.8,85500,167.41,3350, 48898, 57.19,0.571906432748538,2024-05-13
KKCL, EQ, 13-May-2024,657.6,659.2,660.0,636.05,641.0,641.45,646.85,35284,228.24,2756, 23741, 67.29,0.6728545516381362,2024-05-13
KMSUGAR, EQ, 13-May-2024,37.5,37.55,39.0,36.35,38.4,37.5,37.13,500081,185.7,2547, 243394, 48.67,0.48670915311719504,2024-05-13
KNRCON, EQ, 13-May-2024,246.9,249.0,249.05,242.05,246.35,245.75,244.75,283126,692.95,12048, 120324, 42.50,0.42498392941658486,2024-05-13
KOHINOOR, EQ, 13-May-2024,39.75,41.5,41.5,38.9,39.65,39.5,39.53,52763,20.86,719, 30776, 58.33,0.5832875310350056,2024-05-13
KOKUYOCMLN, EQ, 13-May-2024,158.65,158.4,161.9,152.35,159.35,160.1,157.39,293239,461.52,10118, 113034, 38.55,0.38546714454762154,2024-05-13
KOLTEPATIL, EQ, 13-May-2024,486.5,491.2,492.35,475.8,484.05,486.95,484.13,131491,636.58,12956, 58689, 44.63,0.4463347301336213,2024-05-13
KOPRAN, EQ, 13-May-2024,238.75,238.75,241.5,232.4,238.0,238.9,237.48,201235,477.88,6538, 74045, 36.80,0.36795289089870054,2024-05-13
KOTAKBANK, EQ, 13-May-2024,1627.95,1627.0,1643.65,1616.0,1642.0,1641.2,1628.07,5839248,95067.18,152243, 3701048, 63.38,0.6338227114176346,2024-05-13
KOTARISUG, EQ, 13-May-2024,58.65,58.75,58.9,55.7,57.2,56.95,57.14,206930,118.25,2802, 97938, 47.33,0.4732904847049727,2024-05-13
KOTHARIPET, EQ, 13-May-2024,127.5,129.9,129.9,124.1,124.9,124.65,125.02,43071,53.85,1893, 25429, 59.04,0.5903972510505909,2024-05-13
KOTHARIPRO, EQ, 13-May-2024,124.75,125.0,127.1,122.4,124.85,124.4,124.14,5986,7.43,351, 3634, 60.71,0.6070831941196124,2024-05-13
KPIGREEN, EQ, 13-May-2024,1852.3,1811.0,1849.4,1759.7,1795.0,1789.7,1779.99,613216,10915.19,32143, 233537, 38.08,0.3808397041173094,2024-05-13
KPIL, EQ, 13-May-2024,1164.35,1166.0,1199.0,1147.2,1159.1,1156.0,1162.38,435127,5057.82,32227, 74471, 17.11,0.17114773387999366,2024-05-13
KPITTECH, EQ, 13-May-2024,1463.9,1469.9,1469.9,1423.7,1445.0,1442.4,1437.01,390414,5610.31,30823, 176463, 45.20,0.45198942660867697,2024-05-13
KPRMILL, EQ, 13-May-2024,801.7,799.95,808.95,774.5,802.0,805.1,791.99,138385,1096.0,19685, 64208, 46.40,0.4639809227878744,2024-05-13
KRBL, EQ, 13-May-2024,277.4,280.0,281.9,274.2,276.4,276.05,277.6,955403,2652.22,20272, 545180, 57.06,0.5706283107756622,2024-05-13
KREBSBIO, EQ, 13-May-2024,65.75,66.1,68.45,66.05,67.45,67.45,67.37,7710,5.19,117, 6387, 82.84,0.8284046692607004,2024-05-13
KRIDHANINF, BE, 13-May-2024,3.9,4.0,4.0,3.7,3.9,3.9,3.83,64224,2.46,183, -, -,,2024-05-13
KRISHANA, EQ, 13-May-2024,221.0,221.5,230.6,212.7,225.4,225.05,221.91,44413,98.56,1851, 21851, 49.20,0.491995586877716,2024-05-13
KRITI, EQ, 13-May-2024,114.45,115.05,119.55,111.5,113.25,113.9,114.78,98340,112.87,1766, 44984, 45.74,0.45743339434614605,2024-05-13
KRITIKA, BE, 13-May-2024,23.15,22.7,22.7,22.7,22.7,22.7,22.7,16748,3.8,226, -, -,,2024-05-13
KRITINUT, EQ, 13-May-2024,98.95,98.95,103.1,95.3,101.7,102.05,99.54,61543,61.26,2504, 17549, 28.52,0.28515022017126235,2024-05-13
KRSNAA, EQ, 13-May-2024,575.4,585.0,592.35,568.05,588.0,585.35,585.21,80992,473.97,6475, 55035, 67.95,0.6795115566969577,2024-05-13
KRYSTAL, EQ, 13-May-2024,727.8,724.7,724.7,681.1,698.0,699.55,705.37,44149,311.41,4053, 23707, 53.70,0.5369770549729326,2024-05-13
KSB, EQ, 13-May-2024,4561.85,4577.0,4599.9,4451.15,4580.0,4562.1,4513.34,18134,818.45,6039, 7152, 39.44,0.39439726480644094,2024-05-13
KSCL, EQ, 13-May-2024,846.85,850.0,859.95,831.7,850.0,850.65,847.11,125943,1066.88,9434, 54303, 43.12,0.43117124413425123,2024-05-13
KSHITIJPOL, BE, 13-May-2024,5.6,5.5,5.65,5.35,5.55,5.5,5.44,129204,7.03,346, -, -,,2024-05-13
KSL, EQ, 13-May-2024,856.15,856.0,856.0,806.9,837.0,837.1,829.08,68065,564.31,8485, 31349, 46.06,0.4605744508925292,2024-05-13
KSOLVES, EQ, 13-May-2024,1099.25,1100.0,1117.55,1079.0,1080.0,1083.65,1094.41,53744,588.18,6790, 32397, 60.28,0.602802173265853,2024-05-13
KTKBANK, EQ, 13-May-2024,215.1,215.9,220.9,211.1,220.75,220.1,215.73,1772823,3824.47,22108, 1018679, 57.46,0.5746084070434555,2024-05-13
KUANTUM, EQ, 13-May-2024,153.3,154.0,154.1,147.05,148.6,149.8,148.99,172361,256.81,4099, 102567, 59.51,0.5950708106822309,2024-05-13
LAGNAM, BE, 13-May-2024,143.65,140.8,140.8,140.8,140.8,140.8,140.8,1731,2.44,33, -, -,,2024-05-13
LAL, EQ, 13-May-2024,23.1,22.85,23.05,21.95,21.95,22.05,22.1,54550,12.06,418, 39680, 72.74,0.7274060494958754,2024-05-13
LALPATHLAB, EQ, 13-May-2024,2347.9,2417.0,2540.0,2417.0,2491.05,2494.3,2497.55,1871379,46738.55,131738, 350739, 18.74,0.18742275081637658,2024-05-13
LAMBODHARA, EQ, 13-May-2024,145.9,145.85,146.65,144.25,146.3,145.7,145.46,8378,12.19,408, 4662, 55.65,0.5564573883981857,2024-05-13
LANCORHOL, EQ, 13-May-2024,43.05,44.7,45.2,43.05,44.7,45.2,44.81,228186,102.26,490, 144085, 63.14,0.6314366350258123,2024-05-13
LANDMARK, EQ, 13-May-2024,735.65,749.9,754.15,718.75,736.95,730.1,731.71,156673,1146.39,18754, 70369, 44.91,0.4491456728345024,2024-05-13
LAOPALA, EQ, 13-May-2024,314.2,315.45,315.8,307.0,310.0,308.8,310.66,89375,277.66,6734, 47746, 53.42,0.534220979020979,2024-05-13
LASA, EQ, 13-May-2024,22.8,23.45,23.9,22.85,23.9,23.9,23.4,16678,3.9,266, 12019, 72.06,0.7206499580285406,2024-05-13
LATENTVIEW, BE, 13-May-2024,473.4,463.85,470.0,455.0,460.1,459.45,460.24,296332,1363.83,11554, -, -,,2024-05-13
LATTEYS, BE, 13-May-2024,15.05,14.75,15.8,14.3,14.95,15.4,14.59,61146,8.92,342, -, -,,2024-05-13
LAURUSLABS, EQ, 13-May-2024,437.55,435.0,435.55,425.0,431.5,433.0,430.6,785428,3382.07,22195, 189463, 24.12,0.2412226200237323,2024-05-13
LAXMICOT, EQ, 13-May-2024,33.45,33.45,34.3,32.05,32.15,32.3,33.26,193594,64.38,812, 67808, 35.03,0.35025878901205615,2024-05-13
LAXMIMACH, EQ, 13-May-2024,16328.6,16420.0,16420.0,16201.0,16319.0,16307.2,16293.51,6899,1124.09,1114, 4958, 71.87,0.7186548775184809,2024-05-13
LCCINFOTEC, BE, 13-May-2024,1.85,1.9,1.9,1.9,1.9,1.9,1.9,23235,0.44,38, -, -,,2024-05-13
LEMONTREE, EQ, 13-May-2024,142.4,143.05,143.5,137.45,140.5,140.25,140.07,5048069,7071.04,32910, 2941258, 58.27,0.5826501182927571,2024-05-13
LEXUS, EQ, 13-May-2024,40.5,40.9,44.5,38.1,42.7,42.35,41.24,64942,26.78,601, 26574, 40.92,0.4091958978781066,2024-05-13
LFIC, BE, 13-May-2024,174.0,174.0,174.0,167.5,174.0,173.2,172.3,869,1.5,21, -, -,,2024-05-13
LGBBROSLTD, EQ, 13-May-2024,1261.0,1264.0,1272.0,1240.0,1269.0,1260.65,1257.98,14105,177.44,2872, 6988, 49.54,0.4954271534916696,2024-05-13
LGBFORGE, EQ, 13-May-2024,9.95,10.05,10.05,9.8,9.85,9.8,9.84,119934,11.8,303, 88523, 73.81,0.7380976203578635,2024-05-13
LGHL, BE, 13-May-2024,283.7,278.05,283.0,278.05,282.0,282.0,281.91,273,0.77,13, -, -,,2024-05-13
LIBAS, EQ, 13-May-2024,18.75,18.65,19.0,18.35,19.0,18.95,18.68,50327,9.4,383, 22349, 44.41,0.444075744630119,2024-05-13
LIBERTSHOE, EQ, 13-May-2024,316.1,322.55,327.25,310.55,325.0,326.1,320.52,96522,309.37,1869, 71382, 73.95,0.739541244483123,2024-05-13
LICHSGFIN, EQ, 13-May-2024,626.5,627.5,632.0,610.0,621.1,625.05,620.14,1290217,8001.21,48573, 305843, 23.70,0.23704772142980599,2024-05-13
LICI, EQ, 13-May-2024,910.95,910.9,912.65,888.6,894.0,891.7,894.39,2065788,18476.26,66003, 994937, 48.16,0.4816258977203856,2024-05-13
LICMFGOLD, EQ, 13-May-2024,6686.3,6716.35,6716.35,6583.1,6583.1,6615.4,6655.08,209,13.91,69, 170, 81.34,0.8133971291866029,2024-05-13
LICNETFGSC, EQ, 13-May-2024,25.09,25.35,25.35,24.57,25.15,25.12,25.02,5613,1.4,156, 4815, 85.78,0.857830037413148,2024-05-13
LICNETFN50, EQ, 13-May-2024,240.01,244.97,244.97,238.47,241.09,241.18,239.07,666,1.59,47, 517, 77.63,0.7762762762762763,2024-05-13
LICNETFSEN, EQ, 13-May-2024,798.93,783.0,807.37,783.0,804.0,801.86,800.95,59,0.47,15, 36, 61.02,0.6101694915254238,2024-05-13
LICNFNHGP, EQ, 13-May-2024,244.63,249.8,254.1,240.96,245.0,250.83,246.44,483,1.19,72, 245, 50.72,0.5072463768115942,2024-05-13
LICNMID100, EQ, 13-May-2024,49.48,49.48,49.74,48.5,49.01,49.61,49.24,1789,0.88,140, 1027, 57.41,0.5740637227501397,2024-05-13
LIKHITHA, EQ, 13-May-2024,357.05,362.95,377.8,351.0,362.9,362.55,362.95,434078,1575.48,9116, 185982, 42.85,0.428452950852151,2024-05-13
LINC, EQ, 13-May-2024,570.75,575.5,575.5,556.0,559.0,560.3,562.65,12726,71.6,1722, 5257, 41.31,0.4130913091309131,2024-05-13
LINCOLN, EQ, 13-May-2024,570.1,572.9,573.3,556.0,570.25,568.55,562.44,35011,196.92,3469, 19827, 56.63,0.5663077318557025,2024-05-13
LINDEINDIA, EQ, 13-May-2024,7810.4,7850.0,7964.7,7700.1,7921.0,7928.7,7852.99,51719,4061.49,12910, 14394, 27.83,0.2783116456234653,2024-05-13
LIQUID, EQ, 13-May-2024,999.99,999.99,1000.0,999.99,1000.0,999.99,999.99,130385,1303.84,97, 106598, 81.76,0.8175633700195575,2024-05-13
LIQUID1, EQ, 13-May-2024,1000.0,1000.0,1000.01,999.99,1000.01,1000.0,999.99,2416,24.16,11, 1873, 77.52,0.7752483443708609,2024-05-13
LIQUIDADD, EQ, 13-May-2024,1009.09,1008.99,1009.27,1008.99,1009.25,1009.26,1009.27,155605,1570.47,125, 147695, 94.92,0.9491661578998104,2024-05-13
LIQUIDBEES, EQ, 13-May-2024,1000.0,1002.15,1002.15,996.5,1000.0,999.99,1000.0,2267028,22670.22,8329, 1772064, 78.17,0.7816683340479254,2024-05-13
LIQUIDCASE, EQ, 13-May-2024,102.12,105.2,105.2,102.13,102.15,102.14,102.15,5012112,5119.73,4850, 4655673, 92.89,0.928884470259244,2024-05-13
LIQUIDETF, EQ, 13-May-2024,999.99,1000.0,1000.01,999.99,999.99,1000.0,1000.0,490760,4907.59,341, 397504, 81.00,0.8099763631917841,2024-05-13
LIQUIDIETF, EQ, 13-May-2024,999.99,1000.0,1002.0,999.51,1000.0,999.99,1000.0,1079440,10794.4,1050, 883526, 81.85,0.8185040391314015,2024-05-13
LIQUIDSBI, EQ, 13-May-2024,999.99,999.99,1000.01,999.99,1000.01,1000.0,1000.0,2819,28.19,13, 2255, 79.99,0.7999290528556225,2024-05-13
LLOYDSENGG, EQ, 13-May-2024,61.0,61.25,61.25,58.05,60.15,60.0,59.47,7022622,4176.09,20102, 1870542, 26.64,0.2663594879519359,2024-05-13
LLOYDSME, EQ, 13-May-2024,682.3,681.0,708.7,664.0,696.25,700.55,690.46,379933,2623.3,21964, 173654, 45.71,0.45706479826706287,2024-05-13
LODHA, EQ, 13-May-2024,1125.3,1127.5,1154.3,1088.0,1140.0,1142.55,1111.57,1322700,14702.67,58768, 952272, 71.99,0.7199455658879564,2024-05-13
LOKESHMACH, BE, 13-May-2024,433.25,433.25,450.45,412.0,444.95,444.1,435.24,35418,154.15,791, -, -,,2024-05-13
LORDSCHLO, BE, 13-May-2024,123.3,120.85,123.3,118.35,120.0,120.0,120.31,6517,7.84,103, -, -,,2024-05-13
LOTUSEYE, BE, 13-May-2024,61.25,58.75,62.0,58.75,61.0,60.9,60.73,19419,11.79,118, -, -,,2024-05-13
LOVABLE, EQ, 13-May-2024,124.05,124.05,125.5,121.0,123.9,122.75,122.8,17040,20.93,700, 10786, 63.30,0.632981220657277,2024-05-13
LOWVOL, EQ, 13-May-2024,179.78,179.42,180.89,178.03,180.71,180.71,179.36,522,0.94,27, 505, 96.74,0.9674329501915708,2024-05-13
LOWVOL1, EQ, 13-May-2024,18.29,18.76,18.76,18.01,18.01,18.23,18.4,277250,51.02,225, 262338, 94.62,0.946214607754734,2024-05-13
LOWVOLIETF, EQ, 13-May-2024,19.32,19.9,19.9,19.15,19.45,19.45,19.37,788306,152.72,1625, 671207, 85.15,0.8514548918820865,2024-05-13
LOYALTEX, EQ, 13-May-2024,559.7,562.5,586.9,551.8,571.2,571.15,569.39,1083,6.17,116, 923, 85.23,0.8522622345337026,2024-05-13
LPDC, EQ, 13-May-2024,8.95,9.2,9.5,8.9,9.3,9.4,9.25,146165,13.52,599, 99446, 68.04,0.6803680771730578,2024-05-13
LT, EQ, 13-May-2024,3271.45,3267.05,3315.0,3225.2,3300.0,3293.85,3280.38,3557067,116685.27,205393, 2309198, 64.92,0.6491859726004598,2024-05-13
LTF, EQ, 13-May-2024,155.2,155.9,158.0,150.75,157.25,157.2,154.38,9010412,13910.47,45084, 5131257, 56.95,0.5694808406097301,2024-05-13
LTFOODS, EQ, 13-May-2024,214.5,215.2,216.0,207.3,211.7,212.35,211.41,513845,1086.34,14170, 221740, 43.15,0.43153090912629294,2024-05-13
LTGILTBEES, EQ, 13-May-2024,25.61,25.69,25.69,25.57,25.6,25.61,25.6,2774483,710.29,775, 2537056, 91.44,0.9144247775171086,2024-05-13
LTIM, EQ, 13-May-2024,4607.65,4607.8,4628.9,4565.5,4599.9,4593.55,4588.45,242264,11116.16,32103, 140991, 58.20,0.5819725588614074,2024-05-13
LTTS, EQ, 13-May-2024,4359.0,4359.0,4430.0,4320.2,4410.0,4413.8,4368.01,99060,4326.95,15884, 30737, 31.03,0.3102866949323642,2024-05-13
LUMAXIND, EQ, 13-May-2024,2494.75,2513.95,2532.15,2450.65,2522.0,2509.8,2493.45,3587,89.44,1232, 1603, 44.69,0.4468915528296627,2024-05-13
LUMAXTECH, EQ, 13-May-2024,473.75,471.2,475.7,450.7,466.0,463.6,460.97,95171,438.71,9533, 40056, 42.09,0.42088451313950676,2024-05-13
LUPIN, EQ, 13-May-2024,1608.55,1614.95,1698.0,1604.0,1684.0,1688.6,1657.06,2246490,37225.59,97529, 1125803, 50.11,0.5011386652066112,2024-05-13
LUXIND, EQ, 13-May-2024,1471.75,1480.0,1480.0,1418.35,1465.0,1457.55,1444.38,64844,936.59,8868, 28243, 43.56,0.4355530195546234,2024-05-13
LXCHEM, EQ, 13-May-2024,228.5,229.0,234.5,224.95,234.45,233.15,229.17,599444,1373.74,15904, 225149, 37.56,0.37559638598434547,2024-05-13
LYKALABS, EQ, 13-May-2024,113.7,112.25,115.25,112.1,114.35,114.7,113.87,27001,30.75,689, 13349, 49.44,0.4943890967001222,2024-05-13
LYPSAGEMS, EQ, 13-May-2024,6.0,6.1,6.55,5.6,6.1,6.05,6.07,580378,35.24,591, 241796, 41.66,0.41661813507748396,2024-05-13
M&M, EQ, 13-May-2024,2193.05,2208.0,2208.05,2160.0,2206.9,2184.25,2176.83,2575573,56065.91,122635, 1770539, 68.74,0.687434990194415,2024-05-13
M&MFIN, EQ, 13-May-2024,250.55,251.3,265.5,251.3,264.25,263.75,259.31,7989018,20716.05,53215, 3185096, 39.87,0.39868429386440235,2024-05-13
MAANALU, EQ, 13-May-2024,145.75,146.05,146.6,141.7,143.5,142.5,143.36,51639,74.03,1811, 23065, 44.67,0.44665853327911076,2024-05-13
MACPOWER, EQ, 13-May-2024,1358.9,1360.2,1409.0,1231.0,1339.95,1325.05,1327.42,20725,275.11,1249, 13426, 64.78,0.647816646562123,2024-05-13
MADHAV, BE, 13-May-2024,40.4,40.4,41.35,39.05,39.45,39.45,40.01,10201,4.08,61, -, -,,2024-05-13
MADHUCON, BE, 13-May-2024,9.85,10.25,10.25,9.35,9.6,9.6,9.62,51008,4.91,155, -, -,,2024-05-13
MADRASFERT, EQ, 13-May-2024,84.75,85.0,85.5,82.2,84.0,83.7,83.59,140243,117.23,2184, 53620, 38.23,0.3823363732949238,2024-05-13
MAFANG, EQ, 13-May-2024,95.27,96.99,98.41,94.05,95.1,94.73,95.43,776620,741.12,8688, 417640, 53.78,0.5377662177126523,2024-05-13
MAGADSUGAR, EQ, 13-May-2024,670.4,680.0,715.95,660.9,701.0,698.0,686.91,71961,494.31,5064, 40360, 56.09,0.5608593543725073,2024-05-13
MAGNUM, EQ, 13-May-2024,59.85,62.15,62.15,58.9,60.55,61.2,61.12,233542,142.73,1067, 148685, 63.67,0.6366520797115722,2024-05-13
MAHABANK, EQ, 13-May-2024,63.9,63.05,63.3,61.4,62.55,62.5,62.21,16086559,10007.91,33646, 4198664, 26.10,0.26100448206480953,2024-05-13
MAHAPEXLTD, EQ, 13-May-2024,125.4,126.75,128.6,124.25,125.55,126.55,126.03,1519,1.91,101, 892, 58.72,0.587228439763002,2024-05-13
MAHASTEEL, EQ, 13-May-2024,119.85,125.95,130.0,116.15,116.8,118.05,123.45,79534,98.19,1223, 39879, 50.14,0.5014082027812005,2024-05-13
MAHEPC, EQ, 13-May-2024,137.05,137.55,144.0,134.8,137.4,137.7,138.55,116404,161.28,3086, 29359, 25.22,0.25221641867977046,2024-05-13
MAHESHWARI, EQ, 13-May-2024,64.55,64.55,67.5,64.55,66.6,65.8,65.82,8310,5.47,173, 5395, 64.92,0.6492178098676293,2024-05-13
MAHKTECH, EQ, 13-May-2024,14.08,14.5,14.5,13.94,14.46,14.42,14.34,3785824,542.92,3313, 3356177, 88.65,0.8865116286441208,2024-05-13
MAHLIFE, EQ, 13-May-2024,609.6,609.6,614.15,591.75,609.6,604.65,599.46,128167,768.32,8922, 59977, 46.80,0.46795977123596555,2024-05-13
MAHLOG, EQ, 13-May-2024,433.6,432.0,435.45,422.8,431.95,430.0,427.23,159471,681.31,13434, 79935, 50.13,0.5012510111556333,2024-05-13
MAHSCOOTER, EQ, 13-May-2024,7567.15,7480.2,7615.0,7451.85,7602.0,7591.6,7523.2,2442,183.72,806, 1531, 62.69,0.6269451269451269,2024-05-13
MAHSEAMLES, EQ, 13-May-2024,795.0,798.5,810.0,783.9,800.0,799.5,795.56,180188,1433.51,15289, 96913, 53.78,0.537843807578751,2024-05-13
MAITHANALL, EQ, 13-May-2024,1200.3,1200.0,1282.0,1159.55,1216.85,1216.8,1206.07,117065,1411.89,12218, 38916, 33.24,0.33243070089266646,2024-05-13
MAKEINDIA, EQ, 13-May-2024,131.16,135.1,135.1,128.65,131.49,131.51,130.75,82245,107.54,675, 74502, 90.59,0.9058544592376436,2024-05-13
MALLCOM, EQ, 13-May-2024,998.4,988.2,1027.35,978.05,1008.0,1012.8,1002.45,3524,35.33,599, 2460, 69.81,0.6980703745743473,2024-05-13
MALUPAPER, BE, 13-May-2024,34.9,34.9,36.6,34.6,36.6,36.6,36.23,10714,3.88,87, -, -,,2024-05-13
MANAKALUCO, BE, 13-May-2024,23.55,23.5,24.7,22.65,24.15,24.45,23.61,60282,14.23,621, -, -,,2024-05-13
MANAKCOAT, BE, 13-May-2024,52.4,55.0,55.0,51.4,52.5,53.45,52.9,140077,74.1,469, -, -,,2024-05-13
MANAKSIA, EQ, 13-May-2024,107.95,107.95,107.95,104.75,106.45,106.05,106.1,55148,58.51,1253, 30632, 55.55,0.5554507869732357,2024-05-13
MANAKSTEEL, BE, 13-May-2024,52.05,52.25,54.65,52.25,54.65,54.65,54.53,33336,18.18,228, -, -,,2024-05-13
MANALIPETC, EQ, 13-May-2024,72.9,73.05,73.45,70.85,71.05,71.35,71.5,242452,173.35,2635, 135844, 56.03,0.5602923465263228,2024-05-13
MANAPPURAM, EQ, 13-May-2024,174.5,174.5,175.25,170.2,174.4,173.55,172.83,7451346,12878.28,40397, 2321704, 31.16,0.311581826961196,2024-05-13
MANGALAM, EQ, 13-May-2024,95.95,95.95,97.35,95.0,96.25,95.95,96.04,12034,11.56,464, 7768, 64.55,0.6455044041881336,2024-05-13
MANGCHEFER, EQ, 13-May-2024,106.7,107.0,107.8,105.45,105.8,105.65,106.07,168666,178.91,1707, 113781, 67.46,0.6745935754686777,2024-05-13
MANGLMCEM, EQ, 13-May-2024,872.35,875.0,878.4,838.0,863.9,863.45,853.71,74783,638.43,6203, 30009, 40.13,0.40128103980851265,2024-05-13
MANINDS, EQ, 13-May-2024,364.35,364.0,382.55,358.0,358.0,361.45,364.7,141770,517.04,2185, 97033, 68.44,0.6844395852437046,2024-05-13
MANINFRA, EQ, 13-May-2024,204.1,204.95,206.4,198.05,201.3,202.6,201.99,276924,559.37,8625, 138933, 50.17,0.5017008276639078,2024-05-13
MANKIND, EQ, 13-May-2024,2236.75,2240.95,2243.9,2170.1,2178.0,2179.5,2197.03,323561,7108.74,27859, 195465, 60.41,0.6041055627841427,2024-05-13
MANOMAY, EQ, 13-May-2024,178.05,185.2,185.9,172.0,181.0,177.2,181.6,2873,5.22,384, 959, 33.38,0.33379742429516185,2024-05-13
MANORAMA, BE, 13-May-2024,581.4,610.45,610.45,553.0,575.0,576.0,577.46,36662,211.71,1319, -, -,,2024-05-13
MANORG, BE, 13-May-2024,357.05,365.0,365.0,356.1,356.1,359.35,362.4,5010,18.16,161, -, -,,2024-05-13
MANUGRAPH, EQ, 13-May-2024,22.8,23.6,23.6,22.25,22.3,22.65,22.5,9048,2.04,109, 4927, 54.45,0.5445402298850575,2024-05-13
MANYAVAR, EQ, 13-May-2024,983.55,988.9,1002.0,963.5,994.0,994.4,984.5,346676,3413.01,33538, 201368, 58.09,0.5808535924032815,2024-05-13
MAPMYINDIA, EQ, 13-May-2024,1803.05,1805.85,1979.8,1750.45,1900.0,1915.0,1895.71,316441,5998.8,36182, 63941, 20.21,0.2020629438031102,2024-05-13
MARALOVER, EQ, 13-May-2024,75.7,77.3,77.3,72.2,73.8,73.5,73.89,24606,18.18,524, 11430, 46.45,0.46452084857351866,2024-05-13
MARATHON, EQ, 13-May-2024,418.5,418.9,420.9,410.7,412.5,413.2,416.52,52031,216.72,3021, 22056, 42.39,0.42390113586131345,2024-05-13
MARICO, EQ, 13-May-2024,587.15,590.85,605.25,584.4,594.0,594.55,594.44,3806732,22628.92,85685, 1508684, 39.63,0.39631999310694843,2024-05-13
MARINE, EQ, 13-May-2024,89.9,92.0,94.35,89.5,94.35,94.35,92.83,254283,236.05,1544, 160564, 63.14,0.6314382007448394,2024-05-13
MARKSANS, EQ, 13-May-2024,159.25,159.2,159.25,153.2,156.35,156.0,155.6,970288,1509.77,19074, 406149, 41.86,0.41858602806589384,2024-05-13
MARSHALL, BE, 13-May-2024,24.5,25.0,25.65,23.8,25.2,25.2,25.11,41122,10.33,239, -, -,,2024-05-13
MARUTI, EQ, 13-May-2024,12675.5,12660.0,12708.4,12477.55,12695.0,12673.85,12590.17,281421,35431.38,54359, 150916, 53.63,0.5362641736046706,2024-05-13
MASFIN, EQ, 13-May-2024,288.75,288.0,289.15,282.9,284.45,284.05,285.52,92600,264.4,8549, 43498, 46.97,0.46974082073434126,2024-05-13
MASPTOP50, EQ, 13-May-2024,42.68,42.99,43.39,42.11,43.24,43.19,43.16,285791,123.34,1766, 251356, 87.95,0.8795098516048441,2024-05-13
MASTEK, EQ, 13-May-2024,2367.85,2367.85,2381.95,2290.55,2325.0,2317.45,2319.64,62067,1439.73,11502, 31646, 50.99,0.5098683680538773,2024-05-13
MATRIMONY, EQ, 13-May-2024,546.0,548.75,548.75,536.15,536.15,541.25,540.2,7997,43.2,748, 5396, 67.48,0.6747530323871451,2024-05-13
MAWANASUG, EQ, 13-May-2024,92.0,92.75,93.85,90.0,91.1,91.25,91.35,33861,30.93,717, 17296, 51.08,0.5107941289388973,2024-05-13
MAXESTATES, EQ, 13-May-2024,346.5,349.95,353.65,336.5,344.0,342.55,342.83,87667,300.55,5954, 44352, 50.59,0.505914426180889,2024-05-13
MAXHEALTH, EQ, 13-May-2024,811.4,805.0,811.95,783.05,799.5,800.55,800.21,4016172,32137.82,92801, 3327154, 82.84,0.8284391206352716,2024-05-13
MAXIND, EQ, 13-May-2024,253.6,259.9,259.9,240.95,250.0,250.3,245.53,68619,168.48,1636, 40281, 58.70,0.5870240020985441,2024-05-13
MAYURUNIQ, EQ, 13-May-2024,510.15,510.05,512.25,497.65,504.9,504.05,501.64,58301,292.46,3319, 34429, 59.05,0.5905387557674825,2024-05-13
MAZDA, EQ, 13-May-2024,1432.55,1442.0,1442.0,1365.0,1370.0,1381.8,1389.23,8553,118.82,1562, 4360, 50.98,0.5097626563778791,2024-05-13
MAZDOCK, EQ, 13-May-2024,2196.95,2200.0,2202.2,2090.0,2130.0,2132.6,2134.45,1086096,23182.14,67869, 338555, 31.17,0.3117173804157275,2024-05-13
MBAPL, EQ, 13-May-2024,221.5,218.0,221.0,210.0,217.35,217.9,216.95,12097,26.24,510, 6227, 51.48,0.5147557245598082,2024-05-13
MBECL, EQ, 13-May-2024,3.55,3.7,3.7,3.45,3.7,3.7,3.68,450709,16.59,272, 362010, 80.32,0.8032011785875144,2024-05-13
MBLINFRA, EQ, 13-May-2024,44.3,44.9,44.95,43.2,44.5,44.5,44.11,57695,25.45,703, 33479, 58.03,0.5802755871392669,2024-05-13
MCDOWELL-N, EQ, 13-May-2024,1202.4,1205.0,1211.45,1177.0,1188.95,1189.75,1189.09,447010,5315.34,25824, 258846, 57.91,0.5790608711214514,2024-05-13
MCL, EQ, 13-May-2024,38.5,39.9,39.9,37.05,38.05,38.25,37.83,27785,10.51,291, 16798, 60.46,0.6045708115889868,2024-05-13
MCLEODRUSS, BE, 13-May-2024,23.65,23.65,24.0,22.5,23.0,22.8,22.73,293459,66.7,837, -, -,,2024-05-13
MCX, EQ, 13-May-2024,3819.5,3835.9,3875.9,3683.25,3832.0,3849.2,3779.7,422627,15974.05,39235, 73711, 17.44,0.17441147867978146,2024-05-13
MEDANTA, EQ, 13-May-2024,1412.05,1412.0,1428.0,1353.5,1374.5,1388.7,1399.27,93359,1306.34,14640, 61504, 65.88,0.658790261249585,2024-05-13
MEDIASSIST, EQ, 13-May-2024,484.95,484.9,487.0,478.5,485.0,484.4,482.94,38614,186.48,4172, 14975, 38.78,0.3878127104159113,2024-05-13
MEDICAMEQ, EQ, 13-May-2024,505.85,508.4,515.8,486.4,495.0,494.55,497.59,8486,42.23,1153, 4337, 51.11,0.5110770681121848,2024-05-13
MEDICO, BE, 13-May-2024,42.7,42.9,42.9,40.6,40.6,40.6,40.92,186366,76.26,815, -, -,,2024-05-13
MEDPLUS, EQ, 13-May-2024,703.45,705.8,709.2,690.5,694.3,698.5,697.97,35226,245.87,5130, 16886, 47.94,0.47936183500823254,2024-05-13
MEGASOFT, EQ, 13-May-2024,66.85,69.35,70.15,68.05,70.15,70.15,69.67,217719,151.69,967, 156058, 71.68,0.7167863163067991,2024-05-13
MEGASTAR, EQ, 13-May-2024,274.35,275.3,275.3,264.0,270.8,269.6,269.27,7012,18.88,754, 4199, 59.88,0.5988305761551626,2024-05-13
MELSTAR, BZ, 13-May-2024,4.35,4.4,4.55,4.4,4.55,4.55,4.5,1903,0.09,20, -, -,,2024-05-13
MENONBE, EQ, 13-May-2024,121.15,120.0,120.95,116.1,119.45,118.75,118.03,54580,64.42,1795, 32198, 58.99,0.5899230487358007,2024-05-13
MEP, BE, 13-May-2024,8.15,8.15,8.3,7.75,7.95,7.8,7.89,266978,21.05,481, -, -,,2024-05-13
METALFORGE, BZ, 13-May-2024,4.3,4.3,4.35,4.3,4.35,4.35,4.35,808,0.04,9, -, -,,2024-05-13
METROBRAND, EQ, 13-May-2024,1037.35,1040.0,1085.5,1025.65,1068.25,1079.8,1068.18,107308,1146.25,19166, 44491, 41.46,0.4146102806873672,2024-05-13
METROPOLIS, EQ, 13-May-2024,1747.85,1740.0,1840.0,1715.9,1839.9,1831.0,1805.78,721361,13026.2,62306, 238015, 33.00,0.329952686657582,2024-05-13
MFSL, EQ, 13-May-2024,976.1,977.85,977.85,956.1,969.0,966.7,963.64,851218,8202.67,29753, 516979, 60.73,0.6073403053036942,2024-05-13
MGEL, EQ, 13-May-2024,21.75,21.9,22.65,20.6,21.85,21.9,21.78,251535,54.78,1061, 120648, 47.96,0.4796469676188204,2024-05-13
MGL, EQ, 13-May-2024,1300.35,1335.9,1335.9,1269.5,1285.15,1285.8,1289.32,606878,7824.58,52216, 175780, 28.96,0.2896463539624109,2024-05-13
MHLXMIRU, EQ, 13-May-2024,211.25,210.5,224.15,210.5,216.4,215.5,216.49,33007,71.46,1286, 13765, 41.70,0.4170327506286545,2024-05-13
MHRIL, EQ, 13-May-2024,410.5,410.45,413.95,403.2,405.0,406.5,406.65,117927,479.54,9141, 68077, 57.73,0.5772808601931704,2024-05-13
MICEL, EQ, 13-May-2024,46.85,47.8,47.8,45.9,47.0,46.95,46.77,202646,94.77,1732, 125951, 62.15,0.6215321299211433,2024-05-13
MID150BEES, EQ, 13-May-2024,189.22,192.05,192.05,185.75,189.98,190.03,188.08,537083,1010.17,7948, 382622, 71.24,0.7124075794616475,2024-05-13
MIDCAP, EQ, 13-May-2024,141.1,143.48,143.48,139.01,142.43,142.2,140.08,36319,50.88,722, 26589, 73.21,0.7320961480216966,2024-05-13
MIDCAPETF, EQ, 13-May-2024,18.63,19.0,19.0,18.25,18.7,18.67,18.47,740489,136.73,5144, 390688, 52.76,0.5276081076153731,2024-05-13
MIDCAPIETF, EQ, 13-May-2024,18.97,19.45,19.45,18.51,18.9,18.91,18.72,542153,101.49,1921, 248459, 45.83,0.4582820716661164,2024-05-13
MIDHANI, EQ, 13-May-2024,407.5,407.0,429.0,395.55,426.0,424.8,417.48,1282917,5355.87,36300, 373021, 29.08,0.2907600413744615,2024-05-13
MIDQ50ADD, EQ, 13-May-2024,218.36,220.97,220.97,213.35,218.38,218.29,216.41,3242,7.02,199, 2659, 82.02,0.8201727328809377,2024-05-13
MIDSELIETF, EQ, 13-May-2024,15.53,15.8,15.8,15.16,15.71,15.55,15.43,839610,129.58,3053, 715960, 85.27,0.8527292433391693,2024-05-13
MINDACORP, EQ, 13-May-2024,414.3,414.9,416.0,397.5,413.2,413.65,405.51,919457,3728.47,32012, 494015, 53.73,0.5372899439560523,2024-05-13
MINDTECK, EQ, 13-May-2024,304.4,308.8,334.45,305.35,325.0,323.85,321.4,281880,905.95,6513, 117488, 41.68,0.41680147580530724,2024-05-13
MIRCELECTR, EQ, 13-May-2024,23.75,24.0,24.9,22.65,24.5,24.55,24.36,1716598,418.13,3388, 700027, 40.78,0.40779903040781823,2024-05-13
MIRZAINT, EQ, 13-May-2024,44.6,45.0,45.35,43.7,44.5,44.35,44.22,124910,55.23,950, 83727, 67.03,0.670298615002802,2024-05-13
MITCON, EQ, 13-May-2024,122.05,122.0,134.25,116.0,134.25,134.05,131.17,96475,126.55,1323, 39701, 41.15,0.41151593677118425,2024-05-13
MITTAL, BE, 13-May-2024,1.5,1.5,1.55,1.5,1.55,1.55,1.54,389668,6.02,804, -, -,,2024-05-13
MKPL, BE, 13-May-2024,11.05,11.5,11.6,11.05,11.35,11.3,11.37,503037,57.2,1313, -, -,,2024-05-13
MMFL, EQ, 13-May-2024,1142.4,1142.4,1153.35,1105.65,1145.0,1142.6,1127.61,37502,422.88,5634, 17206, 45.88,0.45880219721614846,2024-05-13
MMP, EQ, 13-May-2024,266.3,265.0,284.95,260.3,280.0,282.1,269.89,60037,162.03,5513, 20967, 34.92,0.34923463863950566,2024-05-13
MMTC, EQ, 13-May-2024,69.0,70.0,70.1,67.0,69.0,69.05,68.5,1421762,973.87,8536, 459871, 32.35,0.32345146374709693,2024-05-13
MNC, EQ, 13-May-2024,27.92,27.92,28.71,27.62,28.39,28.2,28.11,26860,7.55,275, 23187, 86.33,0.8632539091586001,2024-05-13
MODIRUBBER, BE, 13-May-2024,97.05,100.95,100.95,95.0,98.2,97.95,97.28,1887,1.84,51, -, -,,2024-05-13
MODISONLTD, BE, 13-May-2024,129.7,129.7,133.65,123.25,125.1,125.9,125.25,11575,14.5,236, -, -,,2024-05-13
MODTHREAD, BE, 13-May-2024,71.7,70.4,73.5,68.15,68.15,68.15,71.0,24450,17.36,141, -, -,,2024-05-13
MOGSEC, EQ, 13-May-2024,55.2,55.05,55.44,55.05,55.43,55.34,55.16,2549,1.41,42, 2103, 82.50,0.8250294233032561,2024-05-13
MOHEALTH, EQ, 13-May-2024,34.86,35.49,35.97,34.57,35.5,35.4,35.13,21380,7.51,333, 17028, 79.64,0.7964452759588401,2024-05-13
MOHITIND, EQ, 13-May-2024,22.25,22.95,22.95,20.85,21.45,21.35,21.54,23481,5.06,209, 16630, 70.82,0.7082321877262467,2024-05-13
MOIL, EQ, 13-May-2024,409.0,409.9,435.5,400.0,431.25,432.3,422.03,4352302,18368.04,72865, 1049154, 24.11,0.24105726119189338,2024-05-13
MOKSH, BE, 13-May-2024,15.7,15.4,15.5,14.95,15.0,15.0,15.0,212211,31.83,1046, -, -,,2024-05-13
MOL, EQ, 13-May-2024,84.1,80.1,82.5,79.5,82.2,81.85,80.91,1616088,1307.61,9582, 640219, 39.62,0.39615355104425004,2024-05-13
MOLDTECH, EQ, 13-May-2024,203.75,203.75,205.95,198.0,200.1,200.85,201.01,103935,208.92,5610, 62489, 60.12,0.6012315389426084,2024-05-13
MOLDTKPAC, EQ, 13-May-2024,797.05,790.05,799.0,785.0,799.0,792.45,792.45,100926,799.79,4959, 88601, 87.79,0.8778808235737074,2024-05-13
MOLOWVOL, EQ, 13-May-2024,35.04,36.0,36.0,34.59,35.4,35.32,35.0,2804,0.98,132, 2217, 79.07,0.7906562054208274,2024-05-13
MOM100, EQ, 13-May-2024,52.81,53.8,54.4,51.72,52.33,53.03,52.37,243876,127.72,3359, 117290, 48.09,0.48094113401892763,2024-05-13
MOM30IETF, EQ, 13-May-2024,32.81,33.17,33.18,32.12,32.6,32.85,32.41,715725,231.94,2431, 435633, 60.87,0.6086597506025359,2024-05-13
MOM50, EQ, 13-May-2024,225.62,228.45,228.45,222.87,227.0,225.15,223.62,2998,6.7,135, 2434, 81.19,0.8118745830553702,2024-05-13
MOMENTUM, EQ, 13-May-2024,32.6,32.93,33.8,31.86,32.64,32.67,32.32,208558,67.4,761, 149152, 71.52,0.7151583732103299,2024-05-13
MOMOMENTUM, EQ, 13-May-2024,65.37,67.7,67.7,63.93,65.6,65.37,64.64,507254,327.89,1282, 414693, 81.75,0.8175253423334267,2024-05-13
MON100, EQ, 13-May-2024,147.51,151.95,151.95,143.1,147.17,147.1,147.29,541133,797.05,7992, 326002, 60.24,0.6024433919202857,2024-05-13
MONARCH, EQ, 13-May-2024,524.6,531.0,570.0,518.05,557.0,558.7,537.79,37265,200.41,1946, 20359, 54.63,0.5463303367771367,2024-05-13
MONIFTY500, EQ, 13-May-2024,20.62,20.88,20.88,20.34,20.7,20.66,20.47,715459,146.45,1554, 600231, 83.89,0.8389453483707662,2024-05-13
MONQ50, EQ, 13-May-2024,62.22,62.49,62.49,61.81,62.4,62.33,62.32,10876,6.78,347, 7268, 66.83,0.6682603898492092,2024-05-13
MONTECARLO, EQ, 13-May-2024,690.25,690.0,697.6,669.55,697.5,688.5,682.93,10484,71.6,1095, 6803, 64.89,0.6488935520793591,2024-05-13
MOQUALITY, EQ, 13-May-2024,180.21,176.61,181.75,176.61,181.61,181.5,179.79,582,1.05,43, 547, 93.99,0.9398625429553265,2024-05-13
MORARJEE, BE, 13-May-2024,17.8,16.95,16.95,16.95,16.95,16.95,16.95,10385,1.76,39, -, -,,2024-05-13
MOREALTY, EQ, 13-May-2024,93.78,95.49,95.49,91.7,93.47,94.44,92.67,85153,78.91,815, 68499, 80.44,0.8044226275057837,2024-05-13
MOREPENLAB, EQ, 13-May-2024,46.15,46.15,46.35,44.5,45.75,45.6,45.29,1520487,688.56,7140, 536277, 35.27,0.3527008123055311,2024-05-13
MOSMALL250, EQ, 13-May-2024,15.17,15.2,15.2,14.8,15.14,15.13,14.99,301471,45.2,1345, 227077, 75.32,0.7532299955882987,2024-05-13
MOTHERSON, EQ, 13-May-2024,127.6,127.5,127.5,122.45,125.35,125.05,124.36,18189992,22620.87,107108, 9837266, 54.08,0.5408065050275997,2024-05-13
MOTILALOFS, EQ, 13-May-2024,2147.4,2192.6,2291.0,2166.65,2270.0,2268.45,2230.16,390208,8702.27,44590, 206965, 53.04,0.5303966089880269,2024-05-13
MOTISONS, EQ, 13-May-2024,172.2,173.9,174.7,168.9,169.25,170.5,171.19,235041,402.37,2666, 132986, 56.58,0.5657991584446969,2024-05-13
MOTOGENFIN, EQ, 13-May-2024,32.95,33.9,33.9,32.2,32.5,32.5,32.9,2273,0.75,60, 1037, 45.62,0.45622525296964367,2024-05-13
MOVALUE, EQ, 13-May-2024,97.11,99.0,99.0,94.8,97.18,96.95,95.88,166240,159.39,2332, 113440, 68.24,0.6823869104908566,2024-05-13
MPHASIS, EQ, 13-May-2024,2231.2,2231.2,2269.0,2195.0,2250.0,2254.65,2232.03,334981,7476.88,26701, 121655, 36.32,0.36316985142440916,2024-05-13
MPSLTD, EQ, 13-May-2024,1632.1,1640.3,1640.3,1576.55,1620.0,1627.7,1613.49,5584,90.1,911, 3049, 54.60,0.5460243553008596,2024-05-13
MRF, EQ, 13-May-2024,127595.7,127595.7,129199.8,125623.15,128699.95,128881.9,127719.57,9777,12487.14,7373, 2826, 28.90,0.289045719545873,2024-05-13
MRO-TEK, EQ, 13-May-2024,75.6,77.5,90.7,75.0,90.7,90.7,88.28,721339,636.79,5931, 304855, 42.26,0.4226237594251801,2024-05-13
MRPL, EQ, 13-May-2024,210.55,210.8,210.8,199.5,205.45,205.4,203.85,5939153,12106.86,66096, 1357269, 22.85,0.22852905119635747,2024-05-13
MSPL, EQ, 13-May-2024,25.35,25.0,25.6,24.15,25.3,25.4,24.83,377918,93.85,1293, 219161, 57.99,0.5799168073497425,2024-05-13
MSTCLTD, EQ, 13-May-2024,800.9,806.5,820.0,780.0,804.0,809.45,800.91,151368,1212.33,12066, 50821, 33.57,0.335744675228582,2024-05-13
MSUMI, EQ, 13-May-2024,67.5,67.5,67.95,66.15,67.35,67.15,67.04,2624380,1759.33,19536, 1128470, 43.00,0.42999489403211427,2024-05-13
MTARTECH, EQ, 13-May-2024,1790.55,1794.0,1799.0,1758.4,1790.0,1791.4,1778.88,78706,1400.09,11385, 35012, 44.48,0.4448453739232079,2024-05-13
MTEDUCARE, BE, 13-May-2024,3.3,3.3,3.3,3.15,3.3,3.25,3.19,29704,0.95,71, -, -,,2024-05-13
MTNL, EQ, 13-May-2024,34.4,34.7,34.7,33.2,33.5,33.55,33.79,1284968,434.19,4264, 651667, 50.71,0.5071464814687993,2024-05-13
MUFIN, EQ, 13-May-2024,121.15,121.2,123.65,117.3,120.5,120.3,119.64,59408,71.08,1270, 34905, 58.75,0.5875471316994344,2024-05-13
MUFTI, EQ, 13-May-2024,171.75,172.05,173.0,169.45,170.8,170.6,170.7,111848,190.93,6235, 51670, 46.20,0.4619662398970031,2024-05-13
MUKANDLTD, EQ, 13-May-2024,166.7,166.7,167.2,160.25,162.95,162.45,162.54,258908,420.82,8489, 118018, 45.58,0.45582987006967723,2024-05-13
MUKKA, EQ, 13-May-2024,34.8,35.55,36.25,34.65,36.2,35.95,35.33,1034579,365.47,5317, 550187, 53.18,0.5317979583966038,2024-05-13
MUKTAARTS, EQ, 13-May-2024,66.95,68.3,69.0,64.75,68.75,68.45,67.8,3975,2.7,56, 3348, 84.23,0.8422641509433962,2024-05-13
MUNJALAU, EQ, 13-May-2024,80.3,80.65,80.65,78.0,79.5,79.6,79.21,61252,48.52,741, 36637, 59.81,0.5981355710833932,2024-05-13
MUNJALSHOW, EQ, 13-May-2024,158.1,158.1,161.0,156.1,158.75,159.0,158.68,80759,128.15,2967, 36867, 45.65,0.45650639557201056,2024-05-13
MURUDCERA, EQ, 13-May-2024,49.3,49.8,49.8,48.2,48.9,49.25,49.04,20927,10.26,372, 14114, 67.44,0.6744397190232714,2024-05-13
MUTHOOTCAP, EQ, 13-May-2024,287.65,298.0,298.0,287.15,291.8,294.95,291.5,21642,63.09,1152, 7756, 35.84,0.3583772294612328,2024-05-13
MUTHOOTFIN, EQ, 13-May-2024,1663.25,1665.95,1700.0,1640.8,1690.0,1691.7,1678.32,267829,4495.04,21318, 86821, 32.42,0.3241657923525832,2024-05-13
MUTHOOTMF, EQ, 13-May-2024,226.1,227.05,227.05,218.95,219.75,219.7,221.29,330997,732.47,8949, 185337, 55.99,0.5599355885400774,2024-05-13
MVGJL, EQ, 13-May-2024,226.1,226.0,227.85,218.6,224.0,223.35,222.32,40944,91.03,1289, 20127, 49.16,0.49157385697538103,2024-05-13
NACLIND, EQ, 13-May-2024,65.25,64.9,64.9,62.55,63.7,63.95,63.56,93419,59.37,1202, 41757, 44.70,0.4469861591325105,2024-05-13
NAGAFERT, EQ, 13-May-2024,10.2,10.4,10.5,9.95,10.1,10.05,10.09,404827,40.87,1218, 249675, 61.67,0.6167449305505809,2024-05-13
NAGREEKCAP, EQ, 13-May-2024,18.85,18.85,19.45,18.15,18.5,18.5,18.55,587,0.11,15, 532, 90.63,0.9063032367972743,2024-05-13
NAGREEKEXP, EQ, 13-May-2024,29.6,30.5,30.5,29.4,29.6,29.65,29.97,27066,8.11,260, 19027, 70.30,0.7029852952043154,2024-05-13
NAHARCAP, EQ, 13-May-2024,285.65,290.5,291.0,282.1,284.55,283.15,283.82,2854,8.1,215, 1685, 59.04,0.5903994393833216,2024-05-13
NAHARINDUS, EQ, 13-May-2024,120.75,121.4,121.4,117.05,120.3,120.1,118.9,15904,18.91,297, 9269, 58.28,0.5828093561368209,2024-05-13
NAHARPOLY, EQ, 13-May-2024,189.1,188.0,190.1,185.0,188.15,188.7,187.71,4227,7.93,319, 2704, 63.97,0.6396971847646085,2024-05-13
NAHARSPING, EQ, 13-May-2024,268.85,268.05,268.4,262.15,267.9,267.15,265.58,10565,28.06,759, 6349, 60.09,0.6009465215333649,2024-05-13
NAM-INDIA, EQ, 13-May-2024,572.45,566.15,575.9,558.05,562.0,563.05,563.87,340246,1918.54,22742, 161543, 47.48,0.47478295115886743,2024-05-13
NARMADA, BE, 13-May-2024,19.1,19.1,20.05,18.2,18.65,19.2,18.71,15781,2.95,91, -, -,,2024-05-13
NATCOPHARM, EQ, 13-May-2024,974.0,974.0,997.0,970.0,979.9,974.5,982.35,686988,6748.6,38087, 274797, 40.00,0.4000026201331028,2024-05-13
NATHBIOGEN, EQ, 13-May-2024,189.55,192.4,192.4,184.05,187.5,185.9,186.82,37601,70.25,1755, 23173, 61.63,0.6162868008829553,2024-05-13
NATIONALUM, EQ, 13-May-2024,173.95,173.2,178.0,168.75,177.3,176.95,173.08,12288370,21268.79,57818, 3201804, 26.06,0.260555631056031,2024-05-13
NAUKRI, EQ, 13-May-2024,6027.4,5965.5,6106.45,5905.0,6045.1,6057.0,6026.86,218002,13138.68,29574, 110144, 50.52,0.5052430711644847,2024-05-13
NAVA, EQ, 13-May-2024,496.45,497.0,501.0,486.95,495.65,495.55,494.33,178098,880.39,12063, 74021, 41.56,0.4156194903929297,2024-05-13
NAVINFLUOR, EQ, 13-May-2024,3247.55,3230.0,3267.0,3170.15,3248.95,3236.65,3211.16,190352,6112.5,22637, 84661, 44.48,0.4447602336723544,2024-05-13
NAVINIFTY, EQ, 13-May-2024,222.47,228.03,228.03,220.3,221.3,222.18,221.51,1336,2.96,52, 876, 65.57,0.655688622754491,2024-05-13
NAVKARCORP, EQ, 13-May-2024,100.35,100.25,107.6,97.1,102.4,102.3,102.84,1603440,1649.0,9158, 309918, 19.33,0.19328319113905104,2024-05-13
NAVNETEDUL, EQ, 13-May-2024,152.15,152.95,152.95,146.2,148.15,147.85,148.48,271486,403.11,6809, 117861, 43.41,0.434132883463604,2024-05-13
NAZARA, EQ, 13-May-2024,617.5,618.0,620.0,600.35,608.25,607.1,607.69,137948,838.3,9548, 65816, 47.71,0.4771073158001566,2024-05-13
NBCC, EQ, 13-May-2024,132.4,132.9,132.9,127.6,130.15,130.0,129.69,7836628,10163.55,45165, 2526883, 32.24,0.3224451894360687,2024-05-13
NBIFIN, EQ, 13-May-2024,1793.5,1789.8,1862.95,1752.0,1752.0,1799.05,1813.25,234,4.24,79, 145, 61.97,0.6196581196581197,2024-05-13
NCC, EQ, 13-May-2024,242.3,242.3,242.9,234.4,241.3,239.95,238.72,2564346,6121.72,41668, 815405, 31.80,0.3179777611913525,2024-05-13
NCLIND, EQ, 13-May-2024,209.45,212.4,213.95,204.7,206.15,207.4,208.29,241837,503.71,8179, 100143, 41.41,0.4140929634423186,2024-05-13
NDGL, EQ, 13-May-2024,2449.65,2497.45,2498.4,2430.05,2457.0,2457.0,2457.89,93,2.29,27, 86, 92.47,0.9247311827956989,2024-05-13
NDL, EQ, 13-May-2024,37.9,38.35,38.35,36.4,37.35,37.65,37.16,248291,92.27,1569, 112004, 45.11,0.4510997176699921,2024-05-13
NDLVENTURE, EQ, 13-May-2024,95.7,96.0,96.95,93.0,96.95,96.1,95.52,2376,2.27,99, 1786, 75.17,0.7516835016835017,2024-05-13
NDRAUTO, EQ, 13-May-2024,805.2,858.0,858.0,797.7,801.2,805.85,819.9,9614,78.82,1465, 5446, 56.65,0.56646557104223,2024-05-13
NDTV, EQ, 13-May-2024,214.0,215.5,219.7,210.4,217.75,216.2,214.35,156205,334.82,6864, 62831, 40.22,0.4022342434621171,2024-05-13
NECCLTD, EQ, 13-May-2024,25.1,25.1,25.25,23.6,24.85,24.65,24.58,200454,49.27,646, 117046, 58.39,0.5839045367016872,2024-05-13
NECLIFE, EQ, 13-May-2024,33.4,33.35,33.35,32.9,33.15,33.1,33.08,188208,62.26,1102, 126993, 67.47,0.6747481509818923,2024-05-13
NELCAST, EQ, 13-May-2024,151.4,153.65,155.3,148.4,153.0,152.85,152.56,129396,197.41,5832, 56821, 43.91,0.43912485702803794,2024-05-13
NELCO, EQ, 13-May-2024,720.4,722.95,724.35,698.3,714.3,713.25,711.4,81037,576.5,7931, 27105, 33.45,0.3344768439108062,2024-05-13
NEOGEN, EQ, 13-May-2024,1445.8,1421.6,1488.1,1409.1,1447.1,1449.25,1445.67,27652,399.76,7169, 10713, 38.74,0.38742224793866625,2024-05-13
NESCO, EQ, 13-May-2024,842.95,842.95,846.5,822.05,828.05,830.45,832.44,78267,651.53,7312, 42128, 53.83,0.5382600585176384,2024-05-13
NESTLEIND, EQ, 13-May-2024,2533.2,2532.75,2541.9,2506.05,2517.0,2516.25,2518.28,340381,8571.75,45324, 170890, 50.21,0.5020550500762381,2024-05-13
NETF, EQ, 13-May-2024,234.08,237.45,237.45,231.01,235.19,234.22,233.12,2821,6.58,273, 2130, 75.51,0.7550514002126906,2024-05-13
NETWEB, EQ, 13-May-2024,1960.2,1977.0,2058.2,1881.0,2055.9,2055.45,2011.37,320788,6452.23,19639, 162203, 50.56,0.5056392383755003,2024-05-13
NETWORK18, EQ, 13-May-2024,78.0,78.8,78.95,75.5,76.65,76.45,76.5,1441516,1102.71,7850, 947008, 65.70,0.6569528191154312,2024-05-13
NEULANDLAB, EQ, 13-May-2024,7139.7,6642.0,6700.0,6018.0,6060.0,6061.05,6245.75,167372,10453.64,29262, 83679, 50.00,0.4999581769949573,2024-05-13
NEWGEN, EQ, 13-May-2024,979.95,986.8,986.8,921.0,945.0,944.25,941.66,157162,1479.93,10511, 90363, 57.50,0.5749672312645551,2024-05-13
NEXT50, EQ, 13-May-2024,648.6,649.18,653.9,638.74,653.68,653.21,645.28,2685,17.33,174, 1872, 69.72,0.6972067039106146,2024-05-13
NEXT50IETF, EQ, 13-May-2024,66.36,68.35,68.35,65.32,66.8,66.77,66.19,204323,135.24,2651, 124758, 61.06,0.610592052779178,2024-05-13
NEXTMEDIA, EQ, 13-May-2024,7.45,7.7,7.7,7.0,7.25,7.25,7.19,16400,1.18,67, 8386, 51.13,0.5113414634146342,2024-05-13
NFL, EQ, 13-May-2024,96.05,96.1,96.65,92.9,95.3,95.1,94.47,1775646,1677.4,13313, 589930, 33.22,0.3322340151133728,2024-05-13
NGIL, EQ, 13-May-2024,52.0,52.5,53.75,50.0,51.0,50.65,51.24,161502,82.76,683, 29982, 18.56,0.1856447598172159,2024-05-13
NGLFINE, EQ, 13-May-2024,2400.65,2499.0,2499.0,2315.0,2338.0,2334.7,2375.52,2054,48.79,866, 743, 36.17,0.3617332035053554,2024-05-13
NH, EQ, 13-May-2024,1262.2,1265.0,1272.75,1252.7,1259.0,1257.15,1260.99,97114,1224.6,14443, 54924, 56.56,0.5655621228659101,2024-05-13
NHPC, EQ, 13-May-2024,94.5,94.8,94.9,91.4,93.55,93.75,93.08,62798125,58449.55,181930, 12649793, 20.14,0.20143583904774226,2024-05-13
NIACL, EQ, 13-May-2024,220.05,220.0,221.95,215.9,218.55,218.85,218.28,829362,1810.3,14155, 399875, 48.21,0.4821477231896325,2024-05-13
NIBL, EQ, 13-May-2024,34.8,35.15,35.5,33.5,33.8,34.1,34.31,6311,2.17,152, 3625, 57.44,0.5743939153858343,2024-05-13
NIF100BEES, EQ, 13-May-2024,240.1,240.1,242.66,237.01,240.59,240.57,238.71,22108,52.77,766, 14338, 64.85,0.6485435136602135,2024-05-13
NIF100IETF, EQ, 13-May-2024,25.32,25.98,25.98,24.89,25.29,25.24,25.12,122028,30.65,1224, 88109, 72.20,0.7220392041170879,2024-05-13
NIF10GETF, EQ, 13-May-2024,22.96,23.15,23.15,22.76,22.76,22.86,23.0,256,0.06,34, 166, 64.84,0.6484375,2024-05-13
NIF5GETF, EQ, 13-May-2024,55.5,55.5,56.0,55.5,55.99,55.99,55.58,24,0.01,5, 20, 83.33,0.8333333333333334,2024-05-13
NIFITETF, EQ, 13-May-2024,331.14,335.0,335.0,327.73,332.29,330.82,329.89,854,2.82,90, 617, 72.25,0.7224824355971897,2024-05-13
NIFMID150, EQ, 13-May-2024,184.81,182.0,185.77,181.83,185.77,185.75,183.08,2724,4.99,51, 2083, 76.47,0.7646842878120411,2024-05-13
NIFTY1, EQ, 13-May-2024,237.98,237.98,239.3,235.95,239.0,238.88,238.12,210723,501.78,1429, 186287, 88.40,0.8840373381168644,2024-05-13
NIFTY50ADD, EQ, 13-May-2024,227.14,227.14,232.0,223.8,226.69,226.79,224.82,12308,27.67,402, 7598, 61.73,0.6173220669483263,2024-05-13
NIFTYBEES, EQ, 13-May-2024,244.97,252.3,252.3,242.27,245.48,245.16,243.7,5278644,12864.29,56938, 3775295, 71.52,0.7152016692165639,2024-05-13
NIFTYBETF, EQ, 13-May-2024,220.91,220.32,222.2,218.0,221.69,221.64,220.36,10527,23.2,140, 8380, 79.60,0.7960482568633039,2024-05-13
NIFTYETF, EQ, 13-May-2024,233.18,233.19,234.53,231.17,234.29,233.77,232.52,36889,85.77,922, 30087, 81.56,0.8156089891295508,2024-05-13
NIFTYIETF, EQ, 13-May-2024,243.48,250.8,250.8,240.76,244.43,244.05,242.63,430370,1044.23,11236, 320635, 74.50,0.7450217254920185,2024-05-13
NIFTYQLITY, EQ, 13-May-2024,19.02,19.02,19.89,18.85,19.19,19.16,19.13,18200,3.48,315, 13546, 74.43,0.7442857142857143,2024-05-13
NIITLTD, EQ, 13-May-2024,98.6,99.5,99.5,95.55,97.0,97.25,96.94,280514,271.93,4684, 144244, 51.42,0.514213194350371,2024-05-13
NIITMTS, EQ, 13-May-2024,444.0,444.0,449.15,435.3,448.0,446.85,442.94,47090,208.58,6410, 22270, 47.29,0.4729241877256318,2024-05-13
NILAINFRA, BE, 13-May-2024,11.65,11.55,12.15,11.3,11.9,11.85,11.75,885994,104.14,1377, -, -,,2024-05-13
NILASPACES, BE, 13-May-2024,10.7,10.5,10.5,10.5,10.5,10.5,10.5,181798,19.09,236, -, -,,2024-05-13
NILKAMAL, EQ, 13-May-2024,1860.6,1860.6,1868.65,1825.6,1832.0,1836.9,1840.38,14626,269.17,1748, 11021, 75.35,0.7535211267605634,2024-05-13
NINSYS, EQ, 13-May-2024,428.55,430.0,453.95,428.55,435.95,432.1,438.25,4288,18.79,704, 2397, 55.90,0.5590018656716418,2024-05-13
NIPPOBATRY, EQ, 13-May-2024,567.95,570.0,577.65,560.0,575.95,572.1,568.86,10029,57.05,1093, 5268, 52.53,0.5252766975770267,2024-05-13
NIRAJ, EQ, 13-May-2024,40.65,41.95,41.95,40.1,41.0,41.1,41.13,12604,5.18,187, 6875, 54.55,0.5454617581720089,2024-05-13
NITCO, BE, 13-May-2024,76.2,74.7,76.0,74.7,76.0,76.0,75.21,104110,78.31,100, -, -,,2024-05-13
NITINSPIN, EQ, 13-May-2024,341.2,343.0,344.25,324.85,344.0,339.35,335.06,129476,433.82,8125, 72503, 56.00,0.559972504556829,2024-05-13
NITIRAJ, BE, 13-May-2024,201.25,194.0,207.0,194.0,199.0,199.0,199.93,5677,11.35,64, -, -,,2024-05-13
NKIND, EQ, 13-May-2024,53.55,56.2,56.2,53.05,53.05,53.15,54.13,73,0.04,21, 52, 71.23,0.7123287671232876,2024-05-13
NLCINDIA, EQ, 13-May-2024,217.4,217.45,220.85,208.6,218.25,217.75,215.02,4353295,9360.25,56234, 1493177, 34.30,0.34299926837028044,2024-05-13
NMDC, EQ, 13-May-2024,255.4,255.4,257.1,246.2,256.1,255.75,251.67,8631620,21723.25,57562, 2960574, 34.30,0.34299169796631457,2024-05-13
NOCIL, EQ, 13-May-2024,256.95,256.95,257.45,249.05,253.5,253.1,251.5,556243,1398.96,11955, 310484, 55.82,0.5581805074400936,2024-05-13
NOIDATOLL, BE, 13-May-2024,8.2,8.05,8.6,8.0,8.05,8.05,8.25,133002,10.97,306, -, -,,2024-05-13
NORBTEAEXP, EQ, 13-May-2024,12.55,12.8,13.05,12.0,12.8,12.7,12.42,5775,0.72,107, 4708, 81.52,0.8152380952380952,2024-05-13
NOVAAGRI, EQ, 13-May-2024,49.25,49.25,49.75,47.7,48.8,48.75,48.57,272253,132.23,3391, 155465, 57.10,0.571031356862918,2024-05-13
NPBET, EQ, 13-May-2024,251.01,247.7,247.7,238.0,245.8,243.63,242.37,9907,24.01,307, 5405, 54.56,0.5455738366811346,2024-05-13
NRAIL, EQ, 13-May-2024,450.75,446.25,466.7,444.8,462.0,462.05,456.04,8886,40.52,750, 7046, 79.29,0.7929327031285167,2024-05-13
NRBBEARING, EQ, 13-May-2024,313.25,315.4,315.4,303.3,308.5,308.25,307.4,102919,316.38,4956, 53342, 51.83,0.5182910832790836,2024-05-13
NRL, EQ, 13-May-2024,75.1,76.0,76.0,71.85,72.45,72.35,72.92,64423,46.98,671, 44127, 68.50,0.6849572357698338,2024-05-13
NSIL, EQ, 13-May-2024,3457.85,3485.5,3511.65,3425.0,3452.15,3480.0,3456.15,3060,105.76,876, 1638, 53.53,0.5352941176470588,2024-05-13
NSLNISP, EQ, 13-May-2024,60.6,60.9,61.5,58.65,61.3,61.05,60.28,9047529,5453.91,28743, 2139949, 23.65,0.23652303297397553,2024-05-13
NTL, BE, 13-May-2024,3.55,3.4,3.4,3.4,3.4,3.4,3.4,797,0.03,6, -, -,,2024-05-13
NTPC, EQ, 13-May-2024,355.5,355.5,356.0,346.5,351.5,350.9,350.89,10691781,37516.38,157205, 6002665, 56.14,0.5614279791177915,2024-05-13
NUCLEUS, EQ, 13-May-2024,1310.0,1296.0,1359.95,1296.0,1330.0,1337.15,1335.8,38586,515.43,7656, 17440, 45.20,0.4519774011299435,2024-05-13
NURECA, EQ, 13-May-2024,271.0,272.45,273.65,267.0,269.0,269.25,269.63,12731,34.33,1025, 6970, 54.75,0.5474825229754143,2024-05-13
NUVAMA, EQ, 13-May-2024,5032.7,5100.5,5280.0,4881.05,5081.2,5141.5,5132.44,138333,7099.86,24622, 79800, 57.69,0.5768688599249637,2024-05-13
NUVOCO, EQ, 13-May-2024,312.6,317.2,318.95,308.05,309.5,309.55,310.6,242860,754.33,7645, 141057, 58.08,0.5808161080457876,2024-05-13
NV20, EQ, 13-May-2024,139.91,139.9,141.48,137.14,139.82,139.99,138.23,14946,20.66,384, 6543, 43.78,0.43777599357687674,2024-05-13
NV20BEES, EQ, 13-May-2024,140.1,140.0,141.9,137.1,141.9,140.15,139.06,13890,19.32,357, 8645, 62.24,0.6223902087832973,2024-05-13
NV20IETF, EQ, 13-May-2024,13.63,14.05,14.05,13.46,13.65,13.6,13.58,493857,67.05,2216, 213639, 43.26,0.43259283557791023,2024-05-13
NYKAA, EQ, 13-May-2024,169.9,170.0,170.3,165.5,169.6,168.9,168.19,1817554,3056.87,37823, 735150, 40.45,0.4044721642383115,2024-05-13
OAL, EQ, 13-May-2024,353.05,353.05,355.55,343.65,349.6,348.25,349.47,17518,61.22,1369, 7139, 40.75,0.4075236899189405,2024-05-13
OBCL, EQ, 13-May-2024,54.35,55.6,55.6,53.3,54.75,54.45,53.86,38204,20.58,522, 25304, 66.23,0.6623390220919275,2024-05-13
OBEROIRLTY, EQ, 13-May-2024,1469.65,1469.65,1487.45,1445.9,1480.0,1482.75,1468.31,161524,2371.67,17268, 51116, 31.65,0.3164607117208588,2024-05-13
OCCL, EQ, 13-May-2024,719.6,720.2,728.95,712.85,716.0,723.25,719.61,10383,74.72,902, 6694, 64.47,0.6447076952711163,2024-05-13
OFSS, EQ, 13-May-2024,7580.75,7580.0,7763.95,7517.15,7742.0,7751.8,7652.66,136013,10408.61,23352, 54214, 39.86,0.3985942520200275,2024-05-13
OIL, EQ, 13-May-2024,619.1,617.0,618.45,589.05,603.85,604.3,602.37,2924783,17618.02,66478, 773618, 26.45,0.2645044093869528,2024-05-13
OILCOUNTUB, BE, 13-May-2024,39.25,37.3,40.25,37.3,38.0,37.95,38.44,48136,18.5,351, -, -,,2024-05-13
OLECTRA, EQ, 13-May-2024,1609.25,1605.0,1631.75,1560.0,1628.0,1624.95,1593.02,699081,11136.47,54687, 180815, 25.86,0.25864670903657805,2024-05-13
OMAXAUTO, BE, 13-May-2024,130.1,128.4,132.7,127.5,132.7,132.7,129.8,36141,46.91,90, -, -,,2024-05-13
OMAXE, EQ, 13-May-2024,93.6,93.85,93.85,88.95,92.1,92.0,91.14,125118,114.04,1225, 63394, 50.67,0.5066737000271744,2024-05-13
OMINFRAL, EQ, 13-May-2024,127.15,125.2,127.7,123.3,127.6,126.65,125.35,83804,105.05,3355, 43784, 52.25,0.5224571619493102,2024-05-13
OMKARCHEM, BZ, 13-May-2024,6.6,6.6,6.85,6.6,6.85,6.8,6.8,2801,0.19,15, -, -,,2024-05-13
ONELIFECAP, BE, 13-May-2024,16.8,16.8,17.55,16.5,16.7,16.7,17.05,16230,2.77,115, -, -,,2024-05-13
ONEPOINT, EQ, 13-May-2024,49.6,49.8,52.0,48.2,51.55,51.65,50.89,626864,319.02,2430, 408704, 65.20,0.651981929094668,2024-05-13
ONGC, EQ, 13-May-2024,270.25,271.9,271.9,262.05,267.5,266.9,266.11,7163239,19062.26,89978, 2174971, 30.36,0.30362954523784563,2024-05-13
ONMOBILE, EQ, 13-May-2024,72.55,73.35,73.35,70.9,72.8,72.85,71.82,305773,219.6,2473, 120550, 39.42,0.3942467124304631,2024-05-13
ONWARDTEC, EQ, 13-May-2024,439.55,446.15,454.2,439.2,441.0,443.15,442.53,33584,148.62,2245, 16583, 49.38,0.4937767984754645,2024-05-13
OPTIEMUS, EQ, 13-May-2024,258.3,260.35,260.7,251.3,253.4,255.1,254.48,82569,210.12,3786, 35817, 43.38,0.4337826545071395,2024-05-13
ORBTEXP, EQ, 13-May-2024,161.2,164.35,166.7,158.4,164.7,162.95,161.26,20386,32.87,1617, 8035, 39.41,0.39414303934072403,2024-05-13
ORCHPHARMA, EQ, 13-May-2024,1034.65,1039.9,1070.0,1001.35,1019.9,1014.85,1015.82,43842,445.35,4369, 29094, 66.36,0.6636102367592719,2024-05-13
ORICONENT, EQ, 13-May-2024,37.35,37.8,37.8,35.85,36.15,36.05,36.31,304332,110.51,2022, 191549, 62.94,0.6294080149310621,2024-05-13
ORIENTALTL, BE, 13-May-2024,8.05,8.1,8.45,7.75,8.15,8.2,8.04,44949,3.61,151, -, -,,2024-05-13
ORIENTBELL, EQ, 13-May-2024,364.9,364.9,364.9,351.25,363.0,361.85,356.66,14736,52.56,2376, 6475, 43.94,0.439400108577633,2024-05-13
ORIENTCEM, EQ, 13-May-2024,217.7,217.7,218.75,209.6,210.75,210.5,211.86,381926,809.13,12651, 160043, 41.90,0.41904190864198826,2024-05-13
ORIENTCER, EQ, 13-May-2024,47.0,47.8,49.35,46.0,48.75,48.8,47.93,72954,34.96,868, 41684, 57.14,0.5713737423581983,2024-05-13
ORIENTELEC, EQ, 13-May-2024,208.75,209.4,211.95,205.95,210.7,209.55,208.33,346316,721.49,10891, 168635, 48.69,0.4869396735929036,2024-05-13
ORIENTHOT, EQ, 13-May-2024,150.7,151.9,152.35,143.85,144.9,146.2,146.25,739131,1081.01,9774, 406518, 55.00,0.5499945205924255,2024-05-13
ORIENTLTD, EQ, 13-May-2024,92.15,93.0,95.65,90.7,92.55,92.05,92.59,5081,4.7,144, 2838, 55.86,0.5585514662468019,2024-05-13
ORIENTPPR, EQ, 13-May-2024,53.25,53.2,53.95,50.9,52.0,51.95,51.94,1341922,696.96,6071, 420039, 31.30,0.3130129769092391,2024-05-13
ORISSAMINE, EQ, 13-May-2024,6348.5,6396.1,6396.1,6150.0,6355.0,6321.65,6266.56,5849,366.53,2134, 1656, 28.31,0.2831253205676184,2024-05-13
ORTEL, BZ, 13-May-2024,1.35,1.35,1.4,1.35,1.4,1.4,1.39,7521,0.1,18, -, -,,2024-05-13
ORTINLAB, EQ, 13-May-2024,19.05,19.35,19.4,17.3,18.45,18.25,18.23,28663,5.22,631, 19627, 68.48,0.6847503750479712,2024-05-13
OSIAHYPER, BE, 13-May-2024,26.6,27.1,27.1,27.1,27.1,27.1,27.1,123919,33.58,229, -, -,,2024-05-13
OSWALAGRO, EQ, 13-May-2024,44.5,44.55,44.8,43.05,44.05,44.35,43.97,66803,29.37,589, 49986, 74.83,0.7482598086912264,2024-05-13
OSWALGREEN, EQ, 13-May-2024,32.65,32.9,33.7,31.9,33.3,33.05,32.76,191484,62.74,1361, 69218, 36.15,0.36148189927095736,2024-05-13
OSWALSEEDS, BE, 13-May-2024,28.75,28.8,29.2,28.1,28.3,28.15,28.39,14255,4.05,170, -, -,,2024-05-13
PAGEIND, EQ, 13-May-2024,34524.55,34524.55,35226.9,34061.0,34970.05,35147.4,34785.5,25177,8757.95,12217, 10598, 42.09,0.42093974659411365,2024-05-13
PAISALO, EQ, 13-May-2024,60.65,61.45,62.45,58.25,62.45,62.25,61.2,1572968,962.7,5914, 885082, 56.27,0.5626827754919362,2024-05-13
PAKKA, EQ, 13-May-2024,267.8,267.0,270.6,254.75,265.0,264.9,259.82,147304,382.72,6946, 56841, 38.59,0.38587546841905174,2024-05-13
PALASHSECU, EQ, 13-May-2024,132.95,131.0,134.2,129.25,132.0,132.15,132.0,6002,7.92,662, 2942, 49.02,0.4901699433522159,2024-05-13
PALREDTEC, BE, 13-May-2024,118.5,118.5,120.8,115.25,116.65,117.15,117.14,6781,7.94,290, -, -,,2024-05-13
PANACEABIO, EQ, 13-May-2024,132.7,132.15,138.9,130.1,135.25,136.15,133.45,66628,88.92,2284, 26956, 40.46,0.40457465329891334,2024-05-13
PANACHE, EQ, 13-May-2024,76.95,76.5,83.9,75.0,79.0,79.95,79.62,37172,29.6,305, 23335, 62.78,0.627757451845475,2024-05-13
PANAMAPET, EQ, 13-May-2024,326.75,327.35,330.3,322.2,330.3,326.45,325.41,48430,157.6,3189, 29160, 60.21,0.6021061325624613,2024-05-13
PANSARI, EQ, 13-May-2024,87.85,92.0,92.0,83.45,84.6,84.6,84.33,4286,3.61,78, 2645, 61.71,0.6171255249650023,2024-05-13
PAR, EQ, 13-May-2024,257.15,261.0,261.0,245.0,245.0,246.8,250.65,31128,78.02,1705, 16676, 53.57,0.5357234644050373,2024-05-13
PARACABLES, BE, 13-May-2024,71.4,71.55,74.5,71.5,73.7,74.0,72.69,418996,304.55,2254, -, -,,2024-05-13
PARADEEP, EQ, 13-May-2024,65.5,65.6,67.0,63.55,64.95,64.7,64.39,1264302,814.15,6224, 533278, 42.18,0.4217963746003724,2024-05-13
PARAGMILK, EQ, 13-May-2024,203.1,203.1,204.75,198.1,203.0,203.55,201.25,477635,961.24,8599, 252603, 52.89,0.528861997131701,2024-05-13
PARAS, EQ, 13-May-2024,701.8,701.95,702.0,684.25,695.05,695.45,691.92,86361,597.55,10456, 35206, 40.77,0.4076608654369449,2024-05-13
PARASPETRO, BE, 13-May-2024,3.35,3.3,3.3,3.3,3.3,3.3,3.3,33187,1.1,197, -, -,,2024-05-13
PARKHOTELS, EQ, 13-May-2024,182.2,184.4,184.4,178.6,179.95,179.8,179.95,501994,903.32,21506, 355821, 70.88,0.7088152448037227,2024-05-13
PARSVNATH, EQ, 13-May-2024,12.45,12.45,13.05,12.3,13.05,13.05,12.63,229079,28.94,475, 168204, 73.43,0.7342619794917911,2024-05-13
PASUPTAC, EQ, 13-May-2024,36.45,36.45,36.5,35.35,36.45,36.25,35.97,76401,27.48,680, 36065, 47.20,0.47204879517283804,2024-05-13
PATANJALI, EQ, 13-May-2024,1361.4,1353.5,1365.95,1316.6,1328.0,1330.85,1331.93,195257,2600.69,16388, 95139, 48.73,0.4872501369989296,2024-05-13
PATELENG, EQ, 13-May-2024,56.0,56.8,56.8,54.2,55.2,55.4,55.2,3792876,2093.79,17806, 1796387, 47.36,0.4736213364212276,2024-05-13
PATINTLOG, EQ, 13-May-2024,21.05,21.0,21.3,19.6,20.75,20.65,20.38,413615,84.31,1968, 209316, 50.61,0.5060648187323961,2024-05-13
PAVNAIND, EQ, 13-May-2024,522.85,519.9,527.95,500.4,510.0,508.95,511.77,5616,28.74,635, 3946, 70.26,0.7026353276353277,2024-05-13
PAYTM, EQ, 13-May-2024,349.65,358.05,359.6,335.05,342.7,343.5,345.14,2666342,9202.61,45292, 1186602, 44.50,0.445029932394269,2024-05-13
PCBL, EQ, 13-May-2024,252.45,253.85,253.9,243.6,249.4,248.7,247.3,900059,2225.85,21741, 413343, 45.92,0.4592398942735976,2024-05-13
PCJEWELLER, EQ, 13-May-2024,48.7,49.75,49.75,47.1,49.0,49.05,48.57,956866,464.76,4100, 569207, 59.49,0.5948659477920628,2024-05-13
PDMJEPAPER, EQ, 13-May-2024,91.3,91.6,91.65,86.2,88.15,87.65,87.8,829852,728.6,5778, 247264, 29.80,0.2979615642307303,2024-05-13
PDSL, EQ, 13-May-2024,439.4,442.9,443.0,433.1,440.3,439.3,437.42,22553,98.65,5572, 12926, 57.31,0.5731388285372234,2024-05-13
PEARLPOLY, EQ, 13-May-2024,39.65,39.65,40.7,38.5,39.1,40.1,39.61,65928,26.11,544, 26904, 40.81,0.4080815435020022,2024-05-13
PEL, EQ, 13-May-2024,847.4,851.0,851.95,806.65,826.6,826.8,822.31,2354683,19362.86,77411, 609928, 25.90,0.25902764830764907,2024-05-13
PENIND, EQ, 13-May-2024,126.35,126.4,131.1,122.6,131.1,128.7,126.91,596694,757.29,9536, 291128, 48.79,0.48790167154353825,2024-05-13
PENINLAND, EQ, 13-May-2024,60.7,61.3,62.75,59.4,59.85,59.9,60.97,1955434,1192.31,8629, 695769, 35.58,0.3558130829268592,2024-05-13
PERSISTENT, EQ, 13-May-2024,3367.5,3352.0,3409.0,3271.4,3395.8,3396.9,3340.22,490848,16395.38,46423, 155914, 31.76,0.3176421213899211,2024-05-13
PETRONET, EQ, 13-May-2024,299.65,299.4,299.55,291.4,297.5,297.6,296.12,3473126,10284.58,27588, 1684108, 48.49,0.4848968911579943,2024-05-13
PFC, EQ, 13-May-2024,417.65,419.0,421.3,402.95,417.95,416.5,413.19,13617829,56267.07,99597, 4374106, 32.12,0.32120435643596346,2024-05-13
PFIZER, EQ, 13-May-2024,4338.5,4329.95,4380.0,4305.95,4360.0,4359.95,4356.68,39325,1713.27,2836, 34541, 87.83,0.8783471074380166,2024-05-13
PFOCUS, EQ, 13-May-2024,98.55,98.55,99.0,95.0,97.9,97.6,97.1,57052,55.4,801, 33434, 58.60,0.5860267825843091,2024-05-13
PFS, EQ, 13-May-2024,39.85,38.75,40.3,37.85,40.25,40.1,38.7,1871402,724.23,4611, 1036033, 55.36,0.5536132803106976,2024-05-13
PGEL, EQ, 13-May-2024,2063.55,2041.0,2121.0,2005.0,2098.7,2102.25,2076.89,58403,1212.97,10963, 29233, 50.05,0.5005393558550074,2024-05-13
PGHH, EQ, 13-May-2024,15703.15,15726.15,15899.0,15518.1,15750.0,15715.55,15666.06,6957,1089.89,3636, 4757, 68.38,0.6837717406928274,2024-05-13
PGHL, EQ, 13-May-2024,4709.35,4690.0,4729.0,4690.0,4719.05,4719.1,4717.04,6478,305.57,991, 5386, 83.14,0.8314294535350417,2024-05-13
PGIL, EQ, 13-May-2024,607.35,599.95,625.0,579.0,600.0,597.55,592.54,6938,41.11,968, 2698, 38.89,0.38887287402709714,2024-05-13
PHARMABEES, EQ, 13-May-2024,18.77,18.76,19.3,18.66,19.29,19.26,19.07,3952732,753.87,8391, 2500161, 63.25,0.6325146759254106,2024-05-13
PHOENIXLTD, EQ, 13-May-2024,2857.95,2856.3,3019.8,2835.05,2990.0,2997.85,2938.41,338646,9950.8,60474, 174410, 51.50,0.5150215859629229,2024-05-13
PIDILITIND, EQ, 13-May-2024,2919.95,2904.25,2978.0,2903.05,2957.65,2965.85,2957.06,386238,11421.3,45117, 156714, 40.57,0.40574464449380954,2024-05-13
PIGL, BE, 13-May-2024,72.8,71.35,71.35,71.35,71.35,71.35,71.35,14583,10.4,34, -, -,,2024-05-13
PIIND, EQ, 13-May-2024,3562.6,3550.05,3675.15,3547.6,3648.75,3658.75,3626.48,292527,10608.43,31906, 117536, 40.18,0.4017953898272638,2024-05-13
PILANIINVS, EQ, 13-May-2024,3807.05,3822.0,3877.85,3699.55,3779.95,3833.35,3795.65,5372,203.9,1602, 2703, 50.32,0.5031645569620253,2024-05-13
PILITA, BE, 13-May-2024,11.4,11.4,11.95,10.85,11.9,11.7,11.05,224583,24.82,525, -, -,,2024-05-13
PIONEEREMB, EQ, 13-May-2024,42.15,42.15,43.0,42.15,42.4,42.8,42.53,8348,3.55,156, 7946, 95.18,0.9518447532343076,2024-05-13
PITTIENG, EQ, 13-May-2024,833.55,833.55,844.8,807.05,838.85,839.0,825.11,40174,331.48,6464, 20442, 50.88,0.5088365609598248,2024-05-13
PIXTRANS, EQ, 13-May-2024,1301.4,1294.0,1310.0,1280.0,1295.0,1296.55,1293.27,5932,76.72,1042, 3492, 58.87,0.588671611598112,2024-05-13
PKTEA, EQ, 13-May-2024,328.0,326.2,326.2,300.65,307.5,307.5,310.3,565,1.75,46, 445, 78.76,0.7876106194690266,2024-05-13
PLASTIBLEN, EQ, 13-May-2024,258.05,258.05,259.3,253.4,255.15,255.65,256.54,5867,15.05,451, 3568, 60.81,0.6081472643599796,2024-05-13
PLATIND, EQ, 13-May-2024,213.8,214.4,214.8,203.95,207.0,206.7,208.72,455246,950.19,10794, 169361, 37.20,0.3720208414791124,2024-05-13
PLAZACABLE, EQ, 13-May-2024,89.8,90.95,90.95,87.55,88.8,88.75,88.71,50114,44.46,1329, 30183, 60.23,0.602286786127629,2024-05-13
PNB, EQ, 13-May-2024,123.9,123.9,124.0,119.0,123.5,123.1,121.66,41922266,51002.54,133214, 10678193, 25.47,0.25471411779124725,2024-05-13
PNBGILTS, EQ, 13-May-2024,101.8,102.2,103.0,99.35,102.5,102.25,101.4,550303,557.98,4394, 196593, 35.72,0.3572450086588661,2024-05-13
PNBHOUSING, EQ, 13-May-2024,739.6,738.7,741.65,714.1,725.5,727.75,725.64,177297,1286.53,15669, 61215, 34.53,0.3452681094434762,2024-05-13
PNC, EQ, 13-May-2024,60.2,61.7,63.65,58.0,61.0,61.4,59.62,53254,31.75,663, 19386, 36.40,0.3640289931272768,2024-05-13
PNCINFRA, EQ, 13-May-2024,433.85,434.0,434.7,423.15,425.85,425.9,426.61,144083,614.67,10423, 53964, 37.45,0.37453412269316994,2024-05-13
POCL, EQ, 13-May-2024,724.3,724.2,747.0,693.1,734.9,731.0,725.34,50391,365.51,2376, 30065, 59.66,0.5966343196205671,2024-05-13
PODDARHOUS, BZ, 13-May-2024,100.6,99.0,101.0,99.0,100.95,100.95,99.91,138,0.14,11, -, -,,2024-05-13
PODDARMENT, EQ, 13-May-2024,345.25,342.1,347.1,339.1,341.0,341.1,342.41,6398,21.91,371, 3904, 61.02,0.610190684588934,2024-05-13
POKARNA, EQ, 13-May-2024,439.3,439.3,471.55,435.0,470.0,469.6,460.48,130881,602.68,9814, 39979, 30.55,0.3054606856610203,2024-05-13
POLICYBZR, EQ, 13-May-2024,1202.25,1213.3,1254.15,1192.65,1245.0,1246.5,1221.08,1309581,15991.06,64905, 828312, 63.25,0.6325015405690828,2024-05-13
POLYCAB, EQ, 13-May-2024,6155.65,6269.0,6468.9,6222.25,6409.5,6430.9,6351.33,1788362,113584.7,163319, 439606, 24.58,0.24581488535318913,2024-05-13
POLYMED, EQ, 13-May-2024,1609.85,1609.0,1673.0,1584.8,1650.0,1659.0,1611.96,134213,2163.46,14448, 102301, 76.22,0.7622286961769724,2024-05-13
POLYPLEX, EQ, 13-May-2024,847.2,848.05,852.45,827.7,833.5,832.6,833.39,62799,523.36,6454, 34031, 54.19,0.5419035334957563,2024-05-13
PONNIERODE, EQ, 13-May-2024,412.4,412.4,414.95,400.0,414.95,410.75,407.82,23616,96.31,2252, 12010, 50.86,0.5085535230352304,2024-05-13
POONAWALLA, EQ, 13-May-2024,462.85,457.3,461.0,451.2,456.95,456.7,455.97,894662,4079.38,30335, 470135, 52.55,0.5254889556055806,2024-05-13
POWERGRID, EQ, 13-May-2024,303.75,304.2,307.65,297.6,306.5,306.55,303.3,11710605,35518.54,121718, 6081669, 51.93,0.5193300431531932,2024-05-13
POWERINDIA, EQ, 13-May-2024,8761.4,8761.4,9549.15,8761.4,9408.0,9440.95,9235.84,235698,21768.68,51193, 30428, 12.91,0.1290974043055096,2024-05-13
POWERMECH, EQ, 13-May-2024,4762.15,4781.0,4801.9,4663.55,4776.0,4783.6,4729.96,14085,666.21,4878, 5946, 42.22,0.42215122470713523,2024-05-13
PPAP, EQ, 13-May-2024,191.25,191.25,193.85,184.05,189.75,190.1,188.33,9221,17.37,491, 4734, 51.34,0.5133933412861945,2024-05-13
PPL, EQ, 13-May-2024,361.15,366.0,368.0,346.3,355.8,355.65,355.47,131046,465.82,4654, 46177, 35.24,0.35237244936892387,2024-05-13
PPLPHARMA, EQ, 13-May-2024,150.45,157.0,166.7,153.0,153.4,154.2,160.3,54670126,87636.39,304792, 13608516, 24.89,0.24892051648097538,2024-05-13
PRAENG, BE, 13-May-2024,27.25,26.95,27.2,26.7,27.2,27.2,26.97,55753,15.04,37, -, -,,2024-05-13
PRAJIND, EQ, 13-May-2024,522.25,522.0,525.85,497.55,502.0,500.65,504.51,954475,4815.42,44507, 535102, 56.06,0.5606244270410435,2024-05-13
PRAKASH, EQ, 13-May-2024,154.8,153.65,154.8,150.65,152.75,153.25,152.87,282249,431.46,6780, 164416, 58.25,0.5825211072492728,2024-05-13
PRAKASHSTL, BE, 13-May-2024,7.3,7.35,7.65,7.35,7.65,7.65,7.64,255525,19.53,809, -, -,,2024-05-13
PRAXIS, BE, 13-May-2024,16.65,17.45,17.45,15.85,17.0,16.8,16.79,374177,62.83,294, -, -,,2024-05-13
PRECAM, EQ, 13-May-2024,195.7,204.0,204.0,192.55,195.6,195.35,196.3,76758,150.67,4911, 33049, 43.06,0.430560983871388,2024-05-13
PRECOT, BE, 13-May-2024,378.2,385.8,385.8,360.0,369.0,369.7,369.24,3127,11.55,51, -, -,,2024-05-13
PRECWIRE, EQ, 13-May-2024,133.0,131.0,132.8,129.35,131.25,130.85,130.9,300929,393.91,4650, 121015, 40.21,0.402138045851347,2024-05-13
PREMEXPLN, EQ, 13-May-2024,2230.8,2250.0,2298.4,2150.0,2264.0,2263.25,2216.41,27193,602.71,3261, 11266, 41.43,0.4142977972272276,2024-05-13
PREMIER, BE, 13-May-2024,3.9,3.7,3.7,3.7,3.7,3.7,3.7,8912,0.33,16, -, -,,2024-05-13
PREMIERPOL, EQ, 13-May-2024,188.45,194.9,194.9,186.0,188.3,188.55,188.89,10341,19.53,905, 5390, 52.12,0.5212261870225317,2024-05-13
PRESTIGE, EQ, 13-May-2024,1519.6,1480.0,1499.75,1426.95,1468.0,1482.6,1461.03,1185236,17316.6,81586, 539652, 45.53,0.455311853504281,2024-05-13
PRICOLLTD, EQ, 13-May-2024,425.9,427.9,436.0,416.0,425.95,423.75,425.66,334545,1424.03,27347, 161099, 48.15,0.48154657818828556,2024-05-13
PRIMESECU, EQ, 13-May-2024,182.65,179.9,184.95,177.1,182.5,183.1,181.98,99585,181.23,1744, 63937, 64.20,0.6420344429381935,2024-05-13
PRINCEPIPE, EQ, 13-May-2024,639.05,638.75,644.0,633.0,643.5,641.6,635.6,330149,2098.43,8053, 288271, 87.32,0.8731542424783961,2024-05-13
PRITI, EQ, 13-May-2024,164.5,165.0,169.35,160.4,168.5,168.15,163.45,29653,48.47,1012, 17913, 60.41,0.604087276160928,2024-05-13
PRITIKAUTO, BE, 13-May-2024,28.45,28.15,28.4,27.05,28.2,27.9,27.52,200623,55.22,1420, -, -,,2024-05-13
PRIVISCL, EQ, 13-May-2024,1137.7,1151.2,1151.2,1109.95,1129.5,1129.05,1134.05,23234,263.49,2751, 14610, 62.88,0.6288198330033572,2024-05-13
PROZONER, EQ, 13-May-2024,31.25,31.35,31.4,30.5,31.0,30.9,30.89,379374,117.18,1197, 148891, 39.25,0.3924649554265711,2024-05-13
PRSMJOHNSN, EQ, 13-May-2024,150.4,150.35,153.0,146.0,150.0,150.2,148.46,313920,466.05,10980, 74724, 23.80,0.23803516819571865,2024-05-13
PRUDENT, EQ, 13-May-2024,1536.25,1531.0,1531.0,1451.05,1519.0,1520.95,1500.52,32541,488.29,9669, 14793, 45.46,0.4545957407578132,2024-05-13
PRUDMOULI, BE, 13-May-2024,24.25,25.45,25.45,23.05,23.2,23.15,23.69,3050,0.72,28, -, -,,2024-05-13
PSB, EQ, 13-May-2024,57.1,55.0,57.0,53.85,55.0,54.95,54.7,2765995,1513.01,10296, 670386, 24.24,0.24236703247836675,2024-05-13
PSPPROJECT, EQ, 13-May-2024,636.5,636.75,644.45,630.55,633.0,635.0,636.32,61090,388.73,4571, 33815, 55.35,0.5535275822556883,2024-05-13
PSUBANK, EQ, 13-May-2024,705.04,723.8,723.8,681.44,699.0,696.0,688.04,71160,489.61,2132, 49259, 69.22,0.6922287802136031,2024-05-13
PSUBANKADD, EQ, 13-May-2024,70.46,71.28,71.28,68.2,69.91,69.58,69.08,52903,36.55,420, 25604, 48.40,0.4839801145492694,2024-05-13
PSUBNKBEES, EQ, 13-May-2024,78.52,78.89,78.89,75.85,77.69,77.54,76.81,4347111,3338.89,20944, 2297252, 52.85,0.5284548749732868,2024-05-13
PSUBNKIETF, EQ, 13-May-2024,71.19,72.95,72.95,68.65,70.36,70.3,69.6,473425,329.5,3372, 315263, 66.59,0.6659196282410097,2024-05-13
PTC, EQ, 13-May-2024,211.2,212.0,216.95,205.4,214.5,212.1,211.8,1969537,4171.45,29413, 721318, 36.62,0.3662373441067622,2024-05-13
PTCIL, EQ, 13-May-2024,7326.75,7400.0,7400.0,7149.6,7300.0,7284.0,7251.25,8465,613.82,2909, 3516, 41.54,0.4153573538098051,2024-05-13
PTL, EQ, 13-May-2024,42.15,41.8,42.25,41.05,41.7,41.6,41.52,89499,37.16,1145, 47993, 53.62,0.5362406283869093,2024-05-13
PUNJABCHEM, EQ, 13-May-2024,1006.3,1006.3,1015.5,986.0,1015.0,1010.6,1001.06,9785,97.95,1840, 5491, 56.12,0.5611650485436893,2024-05-13
PURVA, BE, 13-May-2024,363.75,364.9,374.0,347.0,362.0,359.85,356.36,84998,302.9,1912, -, -,,2024-05-13
PVP, EQ, 13-May-2024,29.65,30.6,30.6,28.2,28.9,28.8,28.77,607843,174.87,1712, 257235, 42.32,0.4231931600758749,2024-05-13
PVRINOX, EQ, 13-May-2024,1288.1,1299.95,1319.85,1268.3,1317.5,1315.6,1295.14,502671,6510.27,30880, 145162, 28.88,0.2887813301344219,2024-05-13
PVSL, EQ, 13-May-2024,214.35,214.35,216.25,208.0,212.0,211.9,211.81,111590,236.36,5690, 52531, 47.08,0.47075006721032353,2024-05-13
PVTBANIETF, EQ, 13-May-2024,23.61,24.3,24.3,23.28,23.78,23.75,23.46,1026988,240.97,2139, 752162, 73.24,0.7323960942094747,2024-05-13
PVTBANKADD, EQ, 13-May-2024,23.79,23.8,24.8,23.49,24.8,24.02,23.62,34111,8.06,319, 19572, 57.38,0.5737738559408988,2024-05-13
PYRAMID, EQ, 13-May-2024,148.8,149.8,150.35,146.0,146.8,146.4,147.21,35576,52.37,1533, 21685, 60.95,0.6095401394198336,2024-05-13
QGOLDHALF, EQ, 13-May-2024,61.68,61.79,61.79,60.86,60.94,60.9,60.95,54849,33.43,371, 49908, 90.99,0.9099163157031122,2024-05-13
QNIFTY, EQ, 13-May-2024,2364.75,2352.75,2370.0,2342.01,2370.0,2370.0,2360.6,496,11.71,60, 466, 93.95,0.9395161290322581,2024-05-13
QUAL30IETF, EQ, 13-May-2024,18.94,18.97,19.04,18.66,19.0,18.95,18.93,120581,22.83,200, 71128, 58.99,0.5898773438601438,2024-05-13
QUESS, EQ, 13-May-2024,641.5,652.85,670.4,636.1,651.0,651.5,654.34,1370427,8967.27,50199, 329773, 24.06,0.2406352180743666,2024-05-13
QUICKHEAL, EQ, 13-May-2024,457.85,457.85,462.0,450.0,450.1,451.05,452.39,213564,966.15,15834, 116213, 54.42,0.5441600644303347,2024-05-13
QUINTEGRA, BE, 13-May-2024,2.25,2.25,2.35,2.25,2.35,2.35,2.34,25435,0.6,41, -, -,,2024-05-13
RACE, EQ, 13-May-2024,326.25,326.25,326.25,317.0,320.0,319.6,319.58,7309,23.36,231, 6254, 85.57,0.8556574086742372,2024-05-13
RADAAN, EQ, 13-May-2024,1.8,1.85,1.85,1.85,1.85,1.85,1.85,853,0.02,7, 853, 100.00,1.0,2024-05-13
RADHIKAJWE, EQ, 13-May-2024,63.1,63.35,63.95,60.75,62.45,61.85,61.87,272451,168.56,3027, 99468, 36.51,0.36508583194776306,2024-05-13
RADIANTCMS, EQ, 13-May-2024,84.35,85.9,85.9,82.8,84.2,84.3,83.84,130627,109.52,1256, 81765, 62.59,0.6259425693003744,2024-05-13
RADICO, EQ, 13-May-2024,1639.55,1626.0,1640.5,1605.0,1620.0,1617.15,1616.05,192238,3106.66,11649, 133880, 69.64,0.6964283856469584,2024-05-13
RADIOCITY, EQ, 13-May-2024,17.15,17.0,17.4,16.6,17.1,17.05,16.98,649652,110.32,1821, 227845, 35.07,0.35071853854063406,2024-05-13
RAILTEL, EQ, 13-May-2024,361.45,363.05,364.0,348.55,356.25,356.55,356.19,1445689,5149.36,35041, 411853, 28.49,0.2848835399591475,2024-05-13
RAIN, EQ, 13-May-2024,156.55,157.0,162.8,153.35,161.8,161.15,158.58,2481273,3934.84,30490, 889845, 35.86,0.35862438353216275,2024-05-13
RAINBOW, EQ, 13-May-2024,1403.4,1405.8,1407.75,1338.15,1347.0,1360.05,1361.57,196559,2676.28,20302, 46291, 23.55,0.2355068961482303,2024-05-13
RAJESHEXPO, EQ, 13-May-2024,304.35,307.15,309.7,295.0,298.0,297.0,300.25,565315,1697.34,18870, 189600, 33.54,0.3353882348778999,2024-05-13
RAJMET, BE, 13-May-2024,10.6,10.1,10.6,10.1,10.55,10.45,10.15,1587509,161.21,5626, -, -,,2024-05-13
RAJRATAN, EQ, 13-May-2024,600.05,590.0,596.45,586.0,596.4,593.3,590.64,25713,151.87,3413, 15858, 61.67,0.6167308365418271,2024-05-13
RAJRILTD, BE, 13-May-2024,21.9,21.55,22.15,21.5,21.5,21.5,21.54,25389,5.47,219, -, -,,2024-05-13
RAJSREESUG, EQ, 13-May-2024,62.6,62.6,63.85,60.5,61.7,61.75,61.61,37453,23.08,644, 18729, 50.01,0.5000667503270766,2024-05-13
RAJTV, BE, 13-May-2024,114.3,120.0,120.0,120.0,120.0,120.0,120.0,13097,15.72,94, -, -,,2024-05-13
RAJVIR, BZ, 13-May-2024,6.0,6.0,6.0,6.0,6.0,6.0,6.0,94,0.01,3, -, -,,2024-05-13
RALLIS, EQ, 13-May-2024,269.6,268.05,269.0,258.0,262.9,262.9,262.25,495007,1298.16,14684, 185249, 37.42,0.37423511182670144,2024-05-13
RAMANEWS, EQ, 13-May-2024,20.6,20.6,20.85,19.6,20.3,20.2,20.18,52836,10.66,409, 32358, 61.24,0.6124233477174653,2024-05-13
RAMAPHO, EQ, 13-May-2024,173.4,171.7,171.75,167.0,167.4,168.7,168.57,7153,12.06,497, 5253, 73.44,0.7343771843981546,2024-05-13
RAMASTEEL, EQ, 13-May-2024,12.3,12.4,12.4,12.0,12.15,12.1,12.12,5343592,647.47,9240, 3045666, 57.00,0.5699660453118427,2024-05-13
RAMCOCEM, EQ, 13-May-2024,760.2,762.15,764.45,748.2,763.95,762.4,757.49,310979,2355.63,19106, 137034, 44.07,0.4406535489534663,2024-05-13
RAMCOIND, EQ, 13-May-2024,219.45,216.8,220.55,214.5,216.0,216.85,217.66,49213,107.12,2559, 27991, 56.88,0.5687724788165729,2024-05-13
RAMCOSYS, BE, 13-May-2024,363.15,364.95,364.95,350.0,356.5,355.55,355.47,17625,62.65,476, -, -,,2024-05-13
RAMKY, EQ, 13-May-2024,505.3,505.35,505.75,462.55,466.65,468.05,473.64,224049,1061.18,7652, 146239, 65.27,0.6527098982811795,2024-05-13
RAMRAT, EQ, 13-May-2024,379.55,387.8,392.0,372.2,389.8,387.25,384.31,80370,308.87,1882, 49960, 62.16,0.6216249844469329,2024-05-13
RANASUG, EQ, 13-May-2024,21.45,21.3,21.4,20.8,21.2,21.15,21.07,412605,86.94,1615, 176813, 42.85,0.42852849577683255,2024-05-13
RANEENGINE, EQ, 13-May-2024,359.1,367.8,367.95,351.0,355.2,355.65,359.22,6724,24.15,600, 4262, 63.38,0.6338488994646044,2024-05-13
RANEHOLDIN, EQ, 13-May-2024,1266.45,1284.0,1295.0,1243.05,1260.2,1273.85,1266.81,14358,181.89,3005, 6107, 42.53,0.42533779077865996,2024-05-13
RATEGAIN, EQ, 13-May-2024,663.6,663.6,705.3,655.0,690.1,693.7,678.45,278598,1890.16,20623, 147708, 53.02,0.5301832748260935,2024-05-13
RATNAMANI, EQ, 13-May-2024,3124.85,3124.95,3153.15,3056.15,3101.05,3126.25,3118.25,34847,1086.62,7131, 23598, 67.72,0.6771888541337848,2024-05-13
RATNAVEER, EQ, 13-May-2024,127.25,127.95,127.95,122.3,124.8,123.95,124.57,338792,422.02,9078, 155042, 45.76,0.45763182129448154,2024-05-13
RAYMOND, EQ, 13-May-2024,2149.95,2150.0,2151.6,2082.0,2094.9,2094.65,2103.32,152997,3218.02,17643, 56230, 36.75,0.36752354621332445,2024-05-13
RBA, EQ, 13-May-2024,102.75,102.55,103.4,100.1,103.0,102.9,102.3,1097207,1122.49,7187, 579494, 52.82,0.5281537576774483,2024-05-13
RBL, EQ, 13-May-2024,946.05,946.1,967.15,910.0,926.95,920.4,922.09,40236,371.01,2237, 21775, 54.12,0.5411820260463267,2024-05-13
RBLBANK, EQ, 13-May-2024,243.85,244.0,247.0,237.75,247.0,244.95,242.83,5359365,13014.31,24458, 1941965, 36.23,0.36234983062359066,2024-05-13
RBZJEWEL, EQ, 13-May-2024,137.7,140.55,140.55,134.3,135.0,135.05,135.77,58434,79.34,1504, 43283, 74.07,0.7407160214943355,2024-05-13
RCF, EQ, 13-May-2024,140.45,140.95,141.1,136.1,139.65,139.25,138.96,1963890,2728.98,21048, 430137, 21.90,0.21902295953439346,2024-05-13
RCOM, BE, 13-May-2024,1.55,1.55,1.55,1.5,1.55,1.5,1.53,3192178,48.81,2059, -, -,,2024-05-13
RECLTD, EQ, 13-May-2024,513.85,514.0,521.0,500.0,517.0,518.15,511.09,13436096,68670.77,147766, 1759991, 13.10,0.13098976071620805,2024-05-13
REDINGTON, EQ, 13-May-2024,207.65,206.95,212.0,202.65,210.6,211.25,208.99,1561727,3263.84,34235, 737832, 47.24,0.4724462085883128,2024-05-13
REDTAPE, EQ, 13-May-2024,707.5,700.0,709.35,683.7,695.0,698.4,695.91,44258,308.0,4610, 19501, 44.06,0.4406209046951963,2024-05-13
REFEX, EQ, 13-May-2024,145.0,147.5,147.5,139.15,144.0,143.65,142.55,356390,508.02,5133, 178221, 50.01,0.5000729537865821,2024-05-13
REGENCERAM, BE, 13-May-2024,35.0,35.25,36.0,35.1,36.0,35.3,35.28,1976,0.7,30, -, -,,2024-05-13
RELAXO, EQ, 13-May-2024,851.3,845.0,849.0,830.0,835.35,835.7,836.96,63839,534.31,11066, 29369, 46.00,0.46004793308165853,2024-05-13
RELCHEMQ, EQ, 13-May-2024,212.85,213.0,214.85,197.0,197.6,199.15,203.43,33742,68.64,3027, 17814, 52.79,0.5279473653014047,2024-05-13
RELIANCE, EQ, 13-May-2024,2814.85,2799.8,2813.95,2768.0,2805.0,2805.4,2795.26,4228310,118192.09,200542, 2754958, 65.16,0.6515506195146524,2024-05-13
RELIGARE, EQ, 13-May-2024,212.35,212.4,219.6,211.25,218.75,218.95,216.23,750243,1622.26,13347, 508186, 67.74,0.6773618680880727,2024-05-13
RELINFRA, EQ, 13-May-2024,162.95,163.5,166.4,157.95,164.25,164.7,162.57,4259464,6924.62,25935, 1759602, 41.31,0.4131040900920867,2024-05-13
REMSONSIND, EQ, 13-May-2024,925.2,939.9,939.9,894.65,926.5,930.7,917.94,14403,132.21,383, 2169, 15.06,0.15059362632784837,2024-05-13
RENUKA, EQ, 13-May-2024,41.95,41.95,42.05,40.9,41.35,41.3,41.31,3135963,1295.45,10481, 1205964, 38.46,0.3845593841508972,2024-05-13
REPCOHOME, EQ, 13-May-2024,481.0,482.5,489.6,470.0,484.0,479.05,479.58,178075,854.02,16290, 71723, 40.28,0.40276849642004775,2024-05-13
REPL, EQ, 13-May-2024,186.25,187.2,193.85,187.2,188.0,188.4,189.19,9337,17.66,410, 5338, 57.17,0.5717039734390061,2024-05-13
REPRO, EQ, 13-May-2024,797.4,793.0,793.05,739.15,767.95,757.65,752.73,37363,281.24,4559, 16709, 44.72,0.44720713004844365,2024-05-13
RESPONIND, EQ, 13-May-2024,289.0,289.0,289.0,261.0,276.55,276.65,275.78,585032,1613.39,18596, 145413, 24.86,0.24855563456357943,2024-05-13
RGL, EQ, 13-May-2024,103.4,103.65,104.5,100.95,103.0,102.75,102.86,71904,73.96,1058, 36560, 50.85,0.5084557187360925,2024-05-13
RHFL, BE, 13-May-2024,3.95,3.9,3.9,3.9,3.9,3.9,3.9,245858,9.59,717, -, -,,2024-05-13
RHIM, EQ, 13-May-2024,617.75,625.0,626.0,607.15,625.0,624.15,619.0,116190,719.21,9992, 43298, 37.26,0.37264824855839573,2024-05-13
RHL, BE, 13-May-2024,158.05,158.05,160.0,158.05,159.5,159.5,158.33,200,0.32,8, -, -,,2024-05-13
RICOAUTO, EQ, 13-May-2024,122.75,124.05,132.5,121.15,132.5,130.55,127.57,3445732,4395.83,31238, 868660, 25.21,0.2520973772771649,2024-05-13
RIIL, EQ, 13-May-2024,1199.5,1197.5,1197.5,1152.0,1181.0,1179.8,1170.63,192902,2258.17,13757, 52433, 27.18,0.27181159345159717,2024-05-13
RISHABH, EQ, 13-May-2024,487.0,486.95,488.3,465.0,479.2,477.85,475.44,124510,591.97,10252, 56333, 45.24,0.45243755521644846,2024-05-13
RITCO, EQ, 13-May-2024,247.1,248.0,253.65,245.4,252.0,252.7,249.68,36467,91.05,1220, 24731, 67.82,0.678174788164642,2024-05-13
RITES, EQ, 13-May-2024,643.85,643.85,643.9,621.75,638.4,638.9,633.89,576061,3651.57,34670, 120697, 20.95,0.20952121389922249,2024-05-13
RKDL, EQ, 13-May-2024,23.45,24.45,24.45,22.3,23.75,22.75,23.33,38753,9.04,356, 22937, 59.19,0.5918767579284184,2024-05-13
RKEC, EQ, 13-May-2024,87.55,91.7,91.85,86.65,88.05,88.3,89.47,66785,59.76,560, 49766, 74.52,0.7451673279928127,2024-05-13
RKFORGE, EQ, 13-May-2024,693.65,691.95,709.5,668.0,689.45,689.0,686.59,311304,2137.37,25627, 110221, 35.41,0.35406226710867833,2024-05-13
RKSWAMY, EQ, 13-May-2024,263.4,267.45,267.45,258.05,264.8,263.7,263.25,232660,612.49,22604, 33345, 14.33,0.14332072552222128,2024-05-13
RML, EQ, 13-May-2024,807.15,791.0,812.15,767.05,798.0,805.3,792.2,32362,256.37,3832, 10360, 32.01,0.3201285458253507,2024-05-13
ROHLTD, EQ, 13-May-2024,379.55,380.0,380.8,362.0,364.15,364.65,365.96,110179,403.21,10339, 59870, 54.34,0.5433884860091306,2024-05-13
ROLEXRINGS, EQ, 13-May-2024,1968.9,1945.0,1995.0,1927.25,1970.0,1980.0,1968.92,20002,393.82,4573, 10526, 52.62,0.5262473752624738,2024-05-13
ROLLT, BE, 13-May-2024,3.1,3.15,3.15,3.15,3.15,3.15,3.15,138235,4.35,69, -, -,,2024-05-13
ROLTA, BZ, 13-May-2024,6.55,6.25,6.55,6.25,6.25,6.25,6.25,74221,4.64,136, -, -,,2024-05-13
ROML, BE, 13-May-2024,56.4,56.0,56.0,53.6,53.6,53.6,53.95,12883,6.95,209, -, -,,2024-05-13
ROSSARI, EQ, 13-May-2024,709.9,720.55,720.55,697.0,700.0,700.4,701.91,43231,303.44,5151, 26392, 61.05,0.6104878443709375,2024-05-13
ROSSELLIND, EQ, 13-May-2024,461.15,461.2,464.9,441.25,458.7,456.5,450.56,34034,153.34,4577, 12506, 36.75,0.3674560733384263,2024-05-13
ROTO, EQ, 13-May-2024,395.95,398.65,398.9,387.45,392.75,390.35,392.01,32686,128.13,3816, 16957, 51.88,0.5187848008321606,2024-05-13
ROUTE, EQ, 13-May-2024,1424.1,1430.0,1430.0,1406.0,1422.0,1419.5,1414.89,37166,525.86,4282, 22699, 61.07,0.6107463811010063,2024-05-13
RPGLIFE, EQ, 13-May-2024,1446.35,1453.6,1532.9,1410.0,1485.0,1499.95,1469.16,34418,505.65,6591, 9173, 26.65,0.26651751990237665,2024-05-13
RPOWER, EQ, 13-May-2024,24.95,25.15,25.15,23.9,24.45,24.4,24.32,18866047,4587.99,39618, 9212762, 48.83,0.4883249787303085,2024-05-13
RPPINFRA, BE, 13-May-2024,110.8,111.05,113.0,111.05,113.0,113.0,112.18,56563,63.45,152, -, -,,2024-05-13
RPPL, BE, 13-May-2024,75.2,76.5,76.7,71.65,74.0,73.9,73.3,45898,33.64,352, -, -,,2024-05-13
RPSGVENT, EQ, 13-May-2024,635.8,631.0,634.0,613.5,632.0,630.75,623.55,48655,303.39,4461, 26227, 53.90,0.5390401808652759,2024-05-13
RPTECH, EQ, 13-May-2024,319.35,319.95,319.95,308.05,314.15,314.2,313.21,126621,396.59,7153, 56257, 44.43,0.44429439034599316,2024-05-13
RRKABEL, EQ, 13-May-2024,1700.25,1715.0,1720.0,1631.15,1684.95,1676.4,1666.25,176430,2939.77,22109, 101449, 57.50,0.5750099189480247,2024-05-13
RSSOFTWARE, BE, 13-May-2024,234.05,229.4,229.4,229.4,229.4,229.4,229.4,14754,33.85,87, -, -,,2024-05-13
RSWM, EQ, 13-May-2024,182.75,184.2,184.2,180.0,182.85,182.45,181.58,18892,34.3,1056, 10495, 55.55,0.5555261486343426,2024-05-13
RSYSTEMS, EQ, 13-May-2024,412.0,415.4,437.35,410.05,429.0,431.8,426.4,108377,462.12,8602, 42948, 39.63,0.3962833442520092,2024-05-13
RTNINDIA, EQ, 13-May-2024,70.75,70.75,71.2,68.5,69.3,69.4,69.48,2003004,1391.77,9903, 786504, 39.27,0.392662221343542,2024-05-13
RTNPOWER, EQ, 13-May-2024,11.55,11.7,11.7,11.05,11.2,11.2,11.21,75890166,8509.4,77147, 38452828, 50.67,0.5066905243032411,2024-05-13
RUBYMILLS, EQ, 13-May-2024,193.7,193.7,194.6,187.0,194.4,193.45,190.73,9563,18.24,443, 4921, 51.46,0.5145874725504549,2024-05-13
RUCHINFRA, EQ, 13-May-2024,13.05,13.05,13.3,12.85,13.0,12.95,13.02,189987,24.74,541, 157081, 82.68,0.8267986756988636,2024-05-13
RUCHIRA, EQ, 13-May-2024,124.55,125.45,127.65,121.1,124.0,123.95,123.52,59188,73.11,1509, 16710, 28.23,0.2823207406906805,2024-05-13
RUPA, EQ, 13-May-2024,255.3,254.65,261.25,251.05,258.55,258.2,254.99,87995,224.38,4376, 39621, 45.03,0.45026421955792945,2024-05-13
RUSHIL, EQ, 13-May-2024,306.05,308.0,308.0,296.1,299.0,299.55,299.74,74625,223.68,5339, 36626, 49.08,0.49080067001675043,2024-05-13
RUSTOMJEE, EQ, 13-May-2024,664.65,668.0,668.85,650.0,656.0,659.45,660.7,15213,100.51,1047, 9357, 61.51,0.6150660619207257,2024-05-13
RVHL, BE, 13-May-2024,45.75,45.75,48.0,43.5,48.0,48.0,47.07,23719,11.16,87, -, -,,2024-05-13
RVNL, EQ, 13-May-2024,261.05,261.95,261.95,249.85,256.7,255.75,254.49,8125328,20678.12,96581, 2453606, 30.20,0.30197008662296465,2024-05-13
S&SPOWER, BE, 13-May-2024,277.95,272.4,272.4,272.4,272.4,272.4,272.4,8480,23.1,19, -, -,,2024-05-13
SABEVENTS, BE, 13-May-2024,12.4,11.8,12.4,11.8,11.8,11.8,11.81,18230,2.15,91, -, -,,2024-05-13
SABTNL, BE, 13-May-2024,124.15,126.6,126.6,126.6,126.6,126.6,126.6,3,0.0,2, -, -,,2024-05-13
SADBHAV, BE, 13-May-2024,28.1,28.15,29.2,27.0,27.7,27.8,27.94,649671,181.51,1138, -, -,,2024-05-13
SADBHIN, EQ, 13-May-2024,6.6,6.6,6.6,6.35,6.4,6.4,6.43,99651,6.41,1858, 74008, 74.27,0.7426719250183139,2024-05-13
SADHNANIQ, EQ, 13-May-2024,66.35,66.6,66.85,64.95,66.75,66.45,65.95,84276,55.58,1119, 44416, 52.70,0.5270302339930704,2024-05-13
SAFARI, EQ, 13-May-2024,2013.95,2019.45,2022.0,1970.0,1999.9,1999.55,1993.32,19933,397.33,5536, 9345, 46.88,0.46882054883860935,2024-05-13
SAGARDEEP, EQ, 13-May-2024,27.8,26.5,28.8,26.5,28.8,28.2,27.81,4722,1.31,114, 2652, 56.16,0.5616264294790343,2024-05-13
SAGCEM, EQ, 13-May-2024,218.6,218.6,218.6,212.0,213.9,214.8,214.79,27092,58.19,3554, 14111, 52.09,0.520854864904769,2024-05-13
SAH, EQ, 13-May-2024,94.75,94.75,95.95,91.4,93.5,92.9,93.35,52391,48.91,354, 7397, 14.12,0.1411883720486343,2024-05-13
SAHYADRI, EQ, 13-May-2024,363.1,363.1,363.1,348.4,356.8,355.45,354.63,2249,7.98,248, 1346, 59.85,0.5984882169853268,2024-05-13
SAIL, EQ, 13-May-2024,156.9,157.35,157.85,151.0,157.0,157.05,154.62,20953744,32399.15,78567, 5637513, 26.90,0.269045617814172,2024-05-13
SAKAR, EQ, 13-May-2024,341.0,343.95,359.0,342.0,356.8,354.95,349.82,16673,58.33,1493, 10495, 62.95,0.6294608048941402,2024-05-13
SAKHTISUG, EQ, 13-May-2024,34.1,33.8,34.45,33.35,33.95,33.95,33.8,255310,86.29,1469, 128254, 50.23,0.502346167404332,2024-05-13
SAKSOFT, EQ, 13-May-2024,255.4,256.0,261.95,248.55,261.0,255.15,253.2,131936,334.07,9947, 69362, 52.57,0.5257245937424205,2024-05-13
SAKUMA, EQ, 13-May-2024,26.35,26.35,27.3,26.3,27.0,27.1,26.59,2395103,636.9,1715, 496834, 20.74,0.20743742544683882,2024-05-13
SALASAR, EQ, 13-May-2024,19.35,19.3,19.35,18.5,18.95,19.0,18.95,4642178,879.84,15438, 2506237, 53.99,0.5398838648582627,2024-05-13
SALONA, EQ, 13-May-2024,278.45,278.3,284.95,275.0,278.55,276.2,277.91,3845,10.69,494, 2108, 54.82,0.5482444733420025,2024-05-13
SALSTEEL, BE, 13-May-2024,18.65,19.55,19.55,19.55,19.55,19.55,19.55,82510,16.13,256, -, -,,2024-05-13
SALZERELEC, EQ, 13-May-2024,711.2,711.2,731.7,701.0,730.0,722.1,714.3,53921,385.16,3615, 33161, 61.50,0.6149923035552012,2024-05-13
SAMBHAAV, BE, 13-May-2024,5.3,5.3,5.55,5.15,5.4,5.2,5.26,49087,2.58,140, -, -,,2024-05-13
SAMHI, EQ, 13-May-2024,191.15,191.4,191.9,185.1,188.05,187.7,187.14,930366,1741.07,20329, 491711, 52.85,0.5285135097370283,2024-05-13
SAMPANN, BE, 13-May-2024,23.5,23.5,23.9,22.35,22.8,22.95,22.65,10657,2.41,102, -, -,,2024-05-13
SANCO, BZ, 13-May-2024,7.55,7.9,7.9,7.9,7.9,7.9,7.9,37395,2.95,24, -, -,,2024-05-13
SANDESH, EQ, 13-May-2024,1198.05,1199.6,1200.0,1175.0,1191.05,1192.7,1189.38,836,9.94,201, 595, 71.17,0.7117224880382775,2024-05-13
SANDHAR, EQ, 13-May-2024,486.45,486.0,487.45,470.15,487.0,483.9,479.21,39190,187.8,6076, 17929, 45.75,0.4574891553967849,2024-05-13
SANDUMA, EQ, 13-May-2024,487.4,487.0,492.0,469.0,482.1,483.0,478.23,125742,601.33,4622, 69484, 55.26,0.5525918149862417,2024-05-13
SANGAMIND, EQ, 13-May-2024,396.2,398.3,411.7,385.0,390.5,388.9,393.28,23599,92.81,2374, 9368, 39.70,0.39696597313445486,2024-05-13
SANGHIIND, EQ, 13-May-2024,87.85,88.75,90.0,87.45,89.35,89.5,89.14,395520,352.57,2668, 203051, 51.34,0.5133773260517799,2024-05-13
SANGHVIMOV, EQ, 13-May-2024,1300.75,1304.95,1309.6,1244.0,1281.0,1284.0,1266.39,156842,1986.24,18435, 54230, 34.58,0.3457619770214611,2024-05-13
SANGINITA, BE, 13-May-2024,21.85,21.0,22.9,20.8,22.9,22.9,21.93,38962,8.54,181, -, -,,2024-05-13
SANOFI, EQ, 13-May-2024,7958.9,7995.0,8081.65,7890.0,8050.0,7995.05,7996.26,11466,916.85,5270, 4680, 40.82,0.40816326530612246,2024-05-13
SANSERA, EQ, 13-May-2024,1009.7,1016.0,1017.75,984.95,1007.1,1010.75,1002.79,89221,894.7,11129, 56826, 63.69,0.6369128344223893,2024-05-13
SANWARIA, BZ, 13-May-2024,0.35,0.35,0.4,0.35,0.4,0.35,0.36,790473,2.81,236, -, -,,2024-05-13
SAPPHIRE, EQ, 13-May-2024,1417.15,1385.3,1407.0,1350.1,1383.0,1375.85,1373.08,251930,3459.2,26359, 153599, 60.97,0.6096891993807804,2024-05-13
SARDAEN, EQ, 13-May-2024,268.95,271.5,276.0,258.0,274.75,273.7,270.4,788150,2131.17,20399, 337401, 42.81,0.4280923682040221,2024-05-13
SAREGAMA, EQ, 13-May-2024,434.8,435.0,438.95,420.4,426.6,426.6,427.3,200286,855.82,11548, 81953, 40.92,0.40917987278192186,2024-05-13
SARLAPOLY, EQ, 13-May-2024,76.15,79.9,80.2,75.5,78.0,78.55,78.31,1408254,1102.75,6832, 684126, 48.58,0.48579730645181907,2024-05-13
SARVESHWAR, BE, 13-May-2024,8.45,8.6,8.6,8.3,8.6,8.5,8.47,1813950,153.63,3698, -, -,,2024-05-13
SASKEN, EQ, 13-May-2024,1553.85,1553.85,1553.85,1489.6,1512.45,1503.05,1506.76,23368,352.1,2938, 10111, 43.27,0.4326857240671003,2024-05-13
SASTASUNDR, EQ, 13-May-2024,292.7,294.5,295.9,282.25,289.7,290.45,288.31,16687,48.11,1634, 7401, 44.35,0.44351890693354107,2024-05-13
SATIA, EQ, 13-May-2024,115.95,115.7,115.9,111.3,113.2,113.5,113.73,282586,321.37,3755, 157166, 55.62,0.5561705109241081,2024-05-13
SATIN, EQ, 13-May-2024,244.2,244.2,245.1,236.4,240.0,241.4,240.02,220433,529.07,6544, 104368, 47.35,0.47346812863772664,2024-05-13
SATINDLTD, EQ, 13-May-2024,94.1,96.0,96.0,92.3,94.4,94.15,93.96,412733,387.8,4349, 128535, 31.14,0.3114240925731647,2024-05-13
SAURASHCEM, EQ, 13-May-2024,115.25,115.25,116.95,112.5,115.6,116.7,114.98,144004,165.57,2309, 63720, 44.25,0.44248770867475906,2024-05-13
SBC, EQ, 13-May-2024,27.8,27.95,28.1,26.8,27.5,27.55,27.53,2766649,761.56,6095, 1264172, 45.69,0.45693255631632346,2024-05-13
SBCL, EQ, 13-May-2024,556.35,550.15,568.0,529.95,538.0,537.65,543.8,103540,563.05,12970, 58171, 56.18,0.561821518253815,2024-05-13
SBFC, EQ, 13-May-2024,82.75,83.5,83.95,80.75,81.15,81.25,81.64,1330080,1085.9,14277, 671149, 50.46,0.5045929568146277,2024-05-13
SBGLP, EQ, 13-May-2024,117.6,118.75,122.0,116.0,119.0,119.2,118.83,390567,464.1,4257, 105317, 26.97,0.2696515578633115,2024-05-13
SBICARD, EQ, 13-May-2024,720.4,719.7,722.0,706.0,719.1,720.75,713.33,866281,6179.48,35678, 339405, 39.18,0.3917955028449198,2024-05-13
SBIETFCON, EQ, 13-May-2024,106.0,106.0,107.33,104.45,105.53,105.68,104.99,10444,10.97,181, 7708, 73.80,0.7380314055917273,2024-05-13
SBIETFIT, EQ, 13-May-2024,349.56,360.05,360.05,345.18,350.5,350.55,348.16,7014,24.42,436, 6027, 85.93,0.8592814371257484,2024-05-13
SBIETFPB, EQ, 13-May-2024,238.75,245.7,248.57,235.92,241.14,240.36,238.81,16483,39.36,266, 9013, 54.68,0.546805799915064,2024-05-13
SBIETFQLTY, EQ, 13-May-2024,199.57,203.0,203.0,197.07,199.62,199.63,199.22,2845,5.67,126, 2197, 77.22,0.772231985940246,2024-05-13
SBILIFE, EQ, 13-May-2024,1431.95,1435.0,1440.0,1420.55,1427.0,1425.1,1427.84,771284,11012.73,38075, 537950, 69.75,0.6974733042562792,2024-05-13
SBIN, EQ, 13-May-2024,817.35,819.85,819.85,798.6,808.95,808.8,807.3,15398505,124312.53,300588, 5305042, 34.45,0.34451669171779986,2024-05-13
SCHAEFFLER, EQ, 13-May-2024,3791.95,3824.35,3881.3,3769.9,3789.0,3786.8,3801.89,77073,2930.23,12794, 51185, 66.41,0.6641106483463729,2024-05-13
SCHAND, EQ, 13-May-2024,229.85,228.85,233.85,223.3,230.25,231.4,228.06,44089,100.55,2279, 26094, 59.18,0.5918483068339041,2024-05-13
SCHNEIDER, BE, 13-May-2024,784.7,784.7,795.0,751.0,785.0,784.8,776.65,113037,877.9,3306, -, -,,2024-05-13
SCI, EQ, 13-May-2024,205.85,206.7,206.85,198.3,202.9,202.85,202.06,1433016,2895.62,27531, 578350, 40.36,0.40358935280555136,2024-05-13
SCILAL, EQ, 13-May-2024,62.85,63.6,63.75,60.0,61.6,61.5,61.28,1513603,927.57,7135, 774518, 51.17,0.5117048525934476,2024-05-13
SCPL, EQ, 13-May-2024,426.65,487.0,492.0,457.0,480.0,483.9,474.51,586430,2782.64,21492, 137669, 23.48,0.2347577716010436,2024-05-13
SDBL, EQ, 13-May-2024,296.25,294.1,298.0,285.1,296.0,294.65,290.21,276524,802.5,12621, 117657, 42.55,0.4254856721297247,2024-05-13
SDL24BEES, EQ, 13-May-2024,121.0,121.2,121.2,120.85,121.2,121.19,121.0,656,0.79,25, 374, 57.01,0.5701219512195121,2024-05-13
SDL26BEES, EQ, 13-May-2024,120.64,120.51,120.73,120.51,120.51,120.51,120.54,1440,1.74,23, 1440, 100.00,1.0,2024-05-13
SEAMECLTD, EQ, 13-May-2024,1020.45,1021.0,1048.95,987.0,1025.0,1013.4,1003.94,12080,121.28,571, 9366, 77.53,0.7753311258278146,2024-05-13
SECMARK, BE, 13-May-2024,113.0,112.5,112.5,111.95,111.95,111.95,112.41,17,0.02,6, -, -,,2024-05-13
SECURCRED, EQ, 13-May-2024,16.05,16.15,16.35,15.5,15.7,15.75,15.73,305530,48.06,1233, 162494, 53.18,0.5318430268713383,2024-05-13
SECURKLOUD, BE, 13-May-2024,44.2,44.0,44.0,42.0,42.0,42.0,42.1,7401,3.12,76, -, -,,2024-05-13
SEJALLTD, BE, 13-May-2024,298.5,299.0,312.5,293.5,309.0,309.45,305.73,10476,32.03,165, -, -,,2024-05-13
SELAN, EQ, 13-May-2024,615.8,618.0,635.0,599.95,621.5,621.6,617.08,105181,649.05,4143, 37740, 35.88,0.3588100512449967,2024-05-13
SELMC, EQ, 13-May-2024,70.0,71.35,71.35,69.3,70.0,69.95,70.04,5716,4.0,273, 4367, 76.40,0.7639958012596221,2024-05-13
SEMAC, BE, 13-May-2024,1712.8,1627.2,1627.2,1627.2,1627.2,1627.2,1627.2,158,2.57,36, -, -,,2024-05-13
SENCO, EQ, 13-May-2024,876.25,860.05,865.75,803.4,839.0,837.45,827.84,523278,4331.89,41960, 190017, 36.31,0.36312820336417734,2024-05-13
SENSEXADD, EQ, 13-May-2024,73.3,74.77,74.79,72.41,73.39,73.07,72.81,884,0.64,80, 638, 72.17,0.7217194570135747,2024-05-13
SENSEXETF, EQ, 13-May-2024,73.67,73.67,73.98,72.0,73.9,73.37,72.77,7224,5.26,258, 6354, 87.96,0.8795681063122923,2024-05-13
SENSEXIETF, EQ, 13-May-2024,822.9,821.0,825.0,800.01,825.0,813.84,809.18,10493,84.91,525, 8458, 80.61,0.8060611836462404,2024-05-13
SEPC, EQ, 13-May-2024,19.1,19.65,19.85,18.7,19.0,18.95,19.11,8413690,1607.86,7814, 3103125, 36.88,0.36881855642411354,2024-05-13
SEQUENT, EQ, 13-May-2024,117.65,116.8,117.65,113.7,115.95,115.85,115.63,488810,565.19,7413, 199987, 40.91,0.40913033694073364,2024-05-13
SERVOTECH, EQ, 13-May-2024,83.05,84.8,87.2,84.5,87.2,87.2,86.8,1039187,901.96,5128, 564519, 54.32,0.5432313914627492,2024-05-13
SESHAPAPER, EQ, 13-May-2024,322.0,322.2,327.35,315.8,325.2,325.0,320.58,28046,89.91,2766, 14181, 50.56,0.5056336019396706,2024-05-13
SETCO, BE, 13-May-2024,11.9,12.45,12.45,12.45,12.45,12.45,12.45,90120,11.22,97, -, -,,2024-05-13
SETF10GILT, EQ, 13-May-2024,228.59,235.45,235.45,228.15,228.23,228.54,228.45,23067,52.7,66, 22212, 96.29,0.962934061646508,2024-05-13
SETFGOLD, EQ, 13-May-2024,63.77,65.7,65.7,62.88,63.1,63.03,63.11,1226827,774.19,3614, 885952, 72.21,0.722149088665313,2024-05-13
SETFNIF50, EQ, 13-May-2024,231.43,233.0,237.41,229.0,237.41,232.53,230.3,554405,1276.81,6784, 455215, 82.11,0.8210874721548327,2024-05-13
SETFNIFBK, EQ, 13-May-2024,481.34,495.8,495.8,477.2,485.6,484.67,479.34,128345,615.21,815, 120213, 93.66,0.936639526276832,2024-05-13
SETFNN50, EQ, 13-May-2024,671.79,677.79,680.0,663.8,680.0,678.35,672.24,33529,225.39,1379, 26300, 78.44,0.7843955978406753,2024-05-13
SETUINFRA, BZ, 13-May-2024,0.65,0.65,0.7,0.6,0.6,0.65,0.64,24952,0.16,29, -, -,,2024-05-13
SEYAIND, BE, 13-May-2024,23.0,23.95,24.0,21.9,22.25,22.25,22.66,6850,1.55,37, -, -,,2024-05-13
SFL, EQ, 13-May-2024,912.3,910.0,916.85,894.25,902.0,910.0,905.56,31526,285.49,4269, 15682, 49.74,0.49743069212713314,2024-05-13
SGIL, EQ, 13-May-2024,349.55,350.0,354.95,338.1,346.0,346.25,346.39,16438,56.94,2960, 6321, 38.45,0.38453583160968485,2024-05-13
SGL, EQ, 13-May-2024,14.7,15.1,15.1,14.2,14.5,14.55,14.38,41879,6.02,129, 28767, 68.69,0.6869075192817402,2024-05-13
SHAH, EQ, 13-May-2024,3.8,3.85,3.85,3.6,3.7,3.65,3.73,996035,37.14,1403, 672431, 67.51,0.6751078024366614,2024-05-13
SHAHALLOYS, EQ, 13-May-2024,63.85,65.15,65.15,60.7,61.35,61.2,61.97,15379,9.53,274, 8429, 54.81,0.5480850510436309,2024-05-13
SHAILY, EQ, 13-May-2024,605.55,609.9,669.0,605.6,668.95,660.2,640.86,151214,969.08,11649, 80083, 52.96,0.5296004338222652,2024-05-13
SHAKTIPUMP, EQ, 13-May-2024,2173.3,2229.95,2281.95,2071.65,2281.95,2261.85,2208.82,142863,3155.58,10059, 84098, 58.87,0.5886618648635406,2024-05-13
SHALBY, EQ, 13-May-2024,270.95,272.9,276.85,264.2,270.0,268.85,269.37,83972,226.19,8807, 36859, 43.89,0.4389439336921831,2024-05-13
SHALPAINTS, EQ, 13-May-2024,159.85,160.65,161.95,157.95,159.9,159.1,159.89,70665,112.98,1522, 33248, 47.05,0.47050166277506544,2024-05-13
SHANKARA, EQ, 13-May-2024,651.05,651.05,651.05,628.2,640.0,644.8,637.82,54998,350.79,5372, 29011, 52.75,0.5274919087966835,2024-05-13
SHANTI, BE, 13-May-2024,14.4,14.2,14.4,13.7,13.75,14.15,13.95,13200,1.84,110, -, -,,2024-05-13
SHANTIGEAR, EQ, 13-May-2024,567.35,575.85,575.85,558.0,559.3,564.0,566.42,90402,512.05,8445, 14437, 15.97,0.15969779429658637,2024-05-13
SHARDACROP, EQ, 13-May-2024,361.05,373.0,395.0,373.0,387.0,387.3,388.75,1962539,7629.41,60789, 278248, 14.18,0.14177960285120447,2024-05-13
SHARDAMOTR, EQ, 13-May-2024,1463.45,1473.2,1480.6,1436.0,1470.0,1468.25,1461.03,29529,431.43,5491, 16919, 57.30,0.5729621727793017,2024-05-13
SHAREINDIA, EQ, 13-May-2024,1688.3,1682.65,1690.8,1618.0,1623.0,1634.65,1632.14,156861,2560.19,13772, 81997, 52.27,0.5227366904456812,2024-05-13
SHARIABEES, EQ, 13-May-2024,479.72,478.01,486.0,475.18,486.0,483.05,479.1,3590,17.2,236, 3122, 86.96,0.8696378830083565,2024-05-13
SHEMAROO, EQ, 13-May-2024,155.35,154.6,161.75,154.6,161.3,160.65,159.68,73644,117.59,3356, 39946, 54.24,0.5424202922166096,2024-05-13
SHILPAMED, EQ, 13-May-2024,505.05,508.25,508.3,488.0,499.0,498.9,497.72,169059,841.44,13620, 75851, 44.87,0.4486658503835939,2024-05-13
SHIVALIK, EQ, 13-May-2024,611.75,615.0,615.1,588.1,604.4,598.4,597.38,20291,121.21,1974, 12981, 63.97,0.6397417574294022,2024-05-13
SHIVAMAUTO, EQ, 13-May-2024,38.6,41.0,41.0,37.8,38.3,38.35,38.63,107087,41.37,637, 44858, 41.89,0.4188930495765126,2024-05-13
SHIVAMILLS, EQ, 13-May-2024,100.3,100.95,105.55,98.05,99.25,99.55,100.57,61568,61.92,1094, 21513, 34.94,0.3494185291060291,2024-05-13
SHIVATEX, EQ, 13-May-2024,163.6,161.5,166.5,160.55,160.6,161.3,162.38,11003,17.87,1645, 2939, 26.71,0.2671089702808325,2024-05-13
SHK, EQ, 13-May-2024,190.8,192.8,193.55,186.5,193.5,192.8,189.89,158253,300.5,6620, 71022, 44.88,0.4487877007070956,2024-05-13
SHOPERSTOP, EQ, 13-May-2024,727.9,727.9,728.9,716.05,718.1,720.15,722.05,21943,158.44,2477, 6664, 30.37,0.3036959394795607,2024-05-13
SHRADHA, EQ, 13-May-2024,78.0,79.6,79.6,75.1,76.2,76.5,77.09,31809,24.52,443, 21175, 66.57,0.6656920997202049,2024-05-13
SHREDIGCEM, EQ, 13-May-2024,104.6,104.9,104.9,102.0,104.0,103.5,103.29,356816,368.54,4776, 171631, 48.10,0.4810070176225281,2024-05-13
SHREECEM, EQ, 13-May-2024,25661.25,25798.55,26124.0,25592.05,26055.0,25992.5,25902.47,55302,14324.58,14069, 34800, 62.93,0.6292719973961158,2024-05-13
SHREEPUSHK, EQ, 13-May-2024,171.8,170.0,179.7,170.0,176.2,177.1,175.68,45958,80.74,1725, 26447, 57.55,0.5754602027938552,2024-05-13
SHREERAMA, BE, 13-May-2024,25.0,26.2,26.25,24.0,26.0,26.0,25.39,88510,22.47,269, -, -,,2024-05-13
SHRENIK, EQ, 13-May-2024,0.95,1.0,1.0,0.95,1.0,0.95,0.97,1175454,11.36,1173, 713100, 60.67,0.6066592142270135,2024-05-13
SHREYANIND, EQ, 13-May-2024,241.0,236.35,237.9,225.0,232.4,231.05,229.57,59582,136.78,2595, 34713, 58.26,0.5826088415964553,2024-05-13
SHREYAS, EQ, 13-May-2024,285.55,284.9,285.0,278.45,280.2,281.3,281.71,12490,35.19,1102, 4870, 38.99,0.3899119295436349,2024-05-13
SHRIPISTON, EQ, 13-May-2024,1968.45,1988.15,1988.15,1905.0,1941.0,1929.65,1934.25,74661,1444.13,11677, 35460, 47.49,0.47494675935227226,2024-05-13
SHRIRAMFIN, EQ, 13-May-2024,2344.35,2345.0,2354.65,2278.75,2305.3,2301.8,2307.56,1678069,38722.48,90855, 1094257, 65.21,0.6520929711471936,2024-05-13
SHRIRAMPPS, EQ, 13-May-2024,111.05,111.6,114.1,107.4,111.85,111.05,110.46,1450510,1602.17,9822, 427969, 29.50,0.2950472592398536,2024-05-13
SHYAMCENT, BE, 13-May-2024,18.4,18.4,18.7,17.55,18.35,18.3,18.1,69383,12.56,449, -, -,,2024-05-13
SHYAMMETL, EQ, 13-May-2024,583.9,577.55,585.85,563.1,579.8,580.05,575.58,338806,1950.12,18452, 133801, 39.49,0.394919216306677,2024-05-13
SHYAMTEL, BE, 13-May-2024,18.4,18.05,18.05,18.05,18.05,18.05,18.05,1069,0.19,9, -, -,,2024-05-13
SICALLOG, BE, 13-May-2024,183.05,185.0,185.0,179.85,180.5,180.3,181.16,3963,7.18,63, -, -,,2024-05-13
SIEMENS, EQ, 13-May-2024,6168.15,6232.6,6666.0,6218.55,6630.25,6620.1,6487.89,1341277,87020.54,137723, 318807, 23.77,0.2376891574223669,2024-05-13
SIGACHI, EQ, 13-May-2024,64.75,64.1,64.7,62.5,63.75,63.6,63.56,870466,553.27,5029, 426424, 48.99,0.48988013317004914,2024-05-13
SIGIND, EQ, 13-May-2024,75.05,75.0,78.65,74.0,76.2,76.35,76.25,76454,58.29,851, 52673, 68.90,0.6889502184319983,2024-05-13
SIGMA, EQ, 13-May-2024,399.5,405.95,405.95,387.0,398.0,395.35,392.12,6417,25.16,701, 3753, 58.49,0.5848527349228612,2024-05-13
SIGNATURE, EQ, 13-May-2024,1249.0,1245.0,1272.0,1232.4,1258.0,1257.75,1257.43,472821,5945.39,11315, 64016, 13.54,0.13539161754659798,2024-05-13
SIGNPOST, EQ, 13-May-2024,279.4,275.35,281.95,268.35,273.5,272.5,271.95,37417,101.76,3322, 18016, 48.15,0.48149236977844295,2024-05-13
SIKKO, EQ, 13-May-2024,73.25,73.25,73.25,69.85,73.2,72.7,71.66,14626,10.48,397, 7399, 50.59,0.5058799398331738,2024-05-13
SIL, EQ, 13-May-2024,22.55,22.55,22.9,22.4,22.55,22.5,22.53,22063,4.97,299, 17264, 78.25,0.7824865158863256,2024-05-13
SILGO, EQ, 13-May-2024,35.0,30.1,34.4,30.1,33.95,33.45,32.51,59642,19.39,479, 27003, 45.28,0.45275141678682806,2024-05-13
SILINV, EQ, 13-May-2024,490.4,482.0,482.0,451.1,468.0,467.7,467.37,17709,82.77,2138, 8490, 47.94,0.4794172454684059,2024-05-13
SILLYMONKS, EQ, 13-May-2024,16.15,16.1,16.8,15.75,16.5,16.65,16.04,8655,1.39,31, 8542, 98.69,0.9869439630271519,2024-05-13
SILVER, EQ, 13-May-2024,85.98,85.4,85.4,84.21,84.75,84.94,84.75,59200,50.17,796, 32338, 54.63,0.54625,2024-05-13
SILVER1, EQ, 13-May-2024,83.88,83.78,83.78,82.15,83.05,82.97,82.93,24474,20.3,139, 19602, 80.09,0.8009316008825692,2024-05-13
SILVERADD, EQ, 13-May-2024,83.42,83.42,83.42,81.51,82.3,82.25,82.04,35875,29.43,129, 32114, 89.52,0.895163763066202,2024-05-13
SILVERBEES, EQ, 13-May-2024,83.01,82.5,83.5,81.61,81.94,81.97,81.94,4756260,3897.29,10827, 3598167, 75.65,0.7565118391341096,2024-05-13
SILVERETF, EQ, 13-May-2024,85.03,84.77,85.0,83.68,84.4,84.16,84.09,87160,73.29,483, 51253, 58.80,0.5880335016062413,2024-05-13
SILVERIETF, EQ, 13-May-2024,86.05,85.39,85.65,84.68,85.05,85.14,85.03,546281,464.53,1335, 457100, 83.67,0.8367488526966891,2024-05-13
SILVERTUC, EQ, 13-May-2024,749.15,743.0,752.0,737.5,737.5,744.85,746.3,13880,103.59,225, 3369, 24.27,0.24272334293948128,2024-05-13
SILVRETF, EQ, 13-May-2024,83.99,86.5,86.5,81.9,82.84,82.92,82.51,46338,38.23,130, 42901, 92.58,0.925827614484872,2024-05-13
SIMBHALS, EQ, 13-May-2024,26.65,27.9,27.9,26.2,27.55,27.4,26.8,38942,10.44,337, 15744, 40.43,0.4042935647886601,2024-05-13
SIMPLEXINF, BE, 13-May-2024,126.4,131.45,131.45,124.0,129.45,128.8,127.44,95143,121.25,280, -, -,,2024-05-13
SINCLAIR, EQ, 13-May-2024,120.15,122.9,122.9,118.3,121.5,120.3,120.1,29118,34.97,633, 20577, 70.67,0.7066762827117247,2024-05-13
SINDHUTRAD, EQ, 13-May-2024,22.2,22.25,22.55,21.3,22.1,22.0,22.08,541577,119.56,1803, 299424, 55.29,0.552874291190357,2024-05-13
SINTERCOM, EQ, 13-May-2024,130.2,133.0,133.95,130.0,132.0,132.0,131.4,7002,9.2,292, 4008, 57.24,0.572407883461868,2024-05-13
SIRCA, EQ, 13-May-2024,317.25,317.05,317.25,303.0,310.5,309.25,307.83,62885,193.58,5064, 33766, 53.69,0.5369483978691262,2024-05-13
SIS, EQ, 13-May-2024,424.05,421.0,427.0,410.7,416.15,417.6,416.93,47850,199.5,6727, 24946, 52.13,0.521337513061651,2024-05-13
SITINET, BE, 13-May-2024,0.55,0.55,0.6,0.5,0.6,0.55,0.56,3105334,17.39,1465, -, -,,2024-05-13
SIYSIL, EQ, 13-May-2024,460.9,465.0,470.6,459.6,466.3,465.35,465.01,55054,256.01,4966, 35412, 64.32,0.6432230174010971,2024-05-13
SJS, EQ, 13-May-2024,611.45,612.0,614.5,603.5,605.0,605.15,605.88,20828,126.19,2121, 11343, 54.46,0.5446034184751296,2024-05-13
SJVN, EQ, 13-May-2024,125.2,125.15,125.35,120.85,123.65,123.5,122.9,11861165,14577.91,59840, 2709861, 22.85,0.22846499479604238,2024-05-13
SKFINDIA, EQ, 13-May-2024,4996.4,5015.0,5190.0,5015.0,5029.5,5063.4,5072.3,86394,4382.16,20228, 36674, 42.45,0.4244970715558951,2024-05-13
SKIL, BE, 13-May-2024,5.7,5.7,5.95,5.45,5.45,5.45,5.6,352373,19.73,89, -, -,,2024-05-13
SKIPPER, EQ, 13-May-2024,314.75,317.0,317.25,304.45,314.0,315.0,310.18,394076,1222.36,16010, 149152, 37.85,0.378485368304591,2024-05-13
SKMEGGPROD, EQ, 13-May-2024,272.15,276.25,276.25,263.45,268.9,268.25,268.32,112925,303.0,7355, 44913, 39.77,0.3977241531990259,2024-05-13
SKYGOLD, BE, 13-May-2024,1208.0,1200.0,1229.5,1147.6,1215.5,1210.05,1167.52,17938,209.43,589, -, -,,2024-05-13
SMALLCAP, EQ, 13-May-2024,44.96,45.75,46.68,43.87,44.89,44.68,44.38,1159520,514.57,4632, 886005, 76.41,0.7641135987305092,2024-05-13
SMARTLINK, EQ, 13-May-2024,249.55,252.8,299.45,242.5,299.45,299.45,274.37,1348110,3698.77,23083, 306390, 22.73,0.22727373878986137,2024-05-13
SMCGLOBAL, EQ, 13-May-2024,163.6,163.6,178.9,160.8,165.45,164.75,170.95,5176840,8849.73,79222, 1207537, 23.33,0.23325754707504964,2024-05-13
SMLISUZU, EQ, 13-May-2024,2070.45,2074.45,2089.45,1994.5,2028.95,2021.6,2023.53,9044,183.01,1519, 5112, 56.52,0.5652366209641752,2024-05-13
SMLT, BE, 13-May-2024,235.15,239.7,246.9,230.3,242.3,241.6,239.57,7984,19.13,177, -, -,,2024-05-13
SMSLIFE, EQ, 13-May-2024,649.1,661.95,661.95,626.45,636.05,637.55,634.16,1664,10.55,194, 1124, 67.55,0.6754807692307693,2024-05-13
SMSPHARMA, EQ, 13-May-2024,203.75,205.7,206.2,197.55,200.1,200.45,200.79,91148,183.02,4872, 41481, 45.51,0.45509501031289773,2024-05-13
SNOWMAN, EQ, 13-May-2024,63.95,64.15,65.0,62.4,64.55,64.55,63.77,525396,335.05,3652, 231545, 44.07,0.44070567724154736,2024-05-13
SOBHA, EQ, 13-May-2024,1696.95,1700.0,1711.1,1621.0,1638.0,1639.9,1658.97,246797,4094.3,23102, 128039, 51.88,0.5188029027905525,2024-05-13
SOFTTECH, EQ, 13-May-2024,334.35,349.95,349.95,321.9,333.0,337.65,332.71,13789,45.88,714, 9371, 67.96,0.6795996809050693,2024-05-13
SOLARA, EQ, 13-May-2024,492.35,495.3,533.75,485.4,527.0,522.05,511.43,619729,3169.47,26892, 203178, 32.78,0.32784975368265806,2024-05-13
SOLARINDS, EQ, 13-May-2024,8862.4,8899.9,8920.0,8638.0,8640.0,8675.55,8724.7,74460,6496.41,22205, 32874, 44.15,0.4414987912973409,2024-05-13
SOMANYCERA, EQ, 13-May-2024,626.15,630.0,630.0,615.0,624.5,621.15,621.64,11744,73.0,1534, 7079, 60.28,0.6027758855585831,2024-05-13
SOMATEX, BE, 13-May-2024,33.85,33.85,34.45,33.0,34.2,34.05,33.73,20584,6.94,90, -, -,,2024-05-13
SOMICONVEY, BE, 13-May-2024,122.1,123.7,125.95,116.0,118.5,118.4,120.08,17142,20.58,150, -, -,,2024-05-13
SONACOMS, EQ, 13-May-2024,590.2,590.95,591.5,565.0,571.8,570.65,571.35,3818228,21815.36,92396, 2892575, 75.76,0.7575700036770984,2024-05-13
SONAMLTD, EQ, 13-May-2024,42.7,42.8,44.15,41.95,42.7,42.6,43.01,126059,54.21,796, 64386, 51.08,0.5107608342125513,2024-05-13
SONATSOFTW, EQ, 13-May-2024,517.8,522.0,522.0,502.05,504.5,505.55,506.73,955462,4841.64,46508, 365615, 38.27,0.3826578137068769,2024-05-13
SOTL, EQ, 13-May-2024,559.6,500.0,518.1,472.85,504.0,504.8,501.89,1601333,8037.0,61443, 524529, 32.76,0.32755772846747055,2024-05-13
SOUTHBANK, EQ, 13-May-2024,27.25,27.45,27.45,26.4,27.15,27.05,26.87,26844635,7213.57,41984, 8529370, 31.77,0.31773089855757025,2024-05-13
SOUTHWEST, EQ, 13-May-2024,113.4,114.0,115.0,110.5,111.9,111.6,112.32,42479,47.71,476, 9218, 21.70,0.21700134183949715,2024-05-13
SPAL, EQ, 13-May-2024,574.85,570.05,586.0,569.45,582.0,579.8,573.39,13281,76.15,1165, 8424, 63.43,0.634289586627513,2024-05-13
SPANDANA, EQ, 13-May-2024,781.6,781.6,797.95,768.05,783.4,784.95,784.54,119724,939.28,10775, 62444, 52.16,0.5215662690855635,2024-05-13
SPARC, EQ, 13-May-2024,219.0,222.5,223.1,213.15,214.7,214.55,216.43,613196,1327.12,8926, 343000, 55.94,0.5593643794153909,2024-05-13
SPCENET, EQ, 13-May-2024,26.95,26.55,27.4,26.25,27.0,27.2,27.09,953348,258.3,1507, 594521, 62.36,0.6236138325144648,2024-05-13
SPECIALITY, EQ, 13-May-2024,187.6,186.5,190.1,182.0,182.1,183.25,185.73,70173,130.34,2810, 43797, 62.41,0.6241289384806122,2024-05-13
SPENCERS, EQ, 13-May-2024,91.55,90.8,99.7,86.25,99.5,98.2,94.64,1333697,1262.22,9678, 528811, 39.65,0.39650010459647134,2024-05-13
SPIC, EQ, 13-May-2024,75.3,75.85,76.0,73.3,75.75,75.45,74.63,388324,289.82,2964, 169721, 43.71,0.4370602898610439,2024-05-13
SPLIL, EQ, 13-May-2024,60.45,60.0,61.9,58.3,60.55,60.85,60.57,37722,22.85,458, 18355, 48.66,0.4865860770902921,2024-05-13
SPLPETRO, EQ, 13-May-2024,718.05,725.0,725.0,691.0,724.0,719.1,712.75,143770,1024.72,17321, 75549, 52.55,0.5254851498921889,2024-05-13
SPMLINFRA, EQ, 13-May-2024,131.9,134.55,134.55,126.3,130.0,130.15,128.93,155165,200.06,1915, 110800, 71.41,0.7140785615312731,2024-05-13
SPORTKING, EQ, 13-May-2024,796.45,797.9,801.0,780.0,797.2,797.2,789.55,8194,64.7,706, 6540, 79.81,0.7981449841347328,2024-05-13
SPTL, BZ, 13-May-2024,1.05,1.0,1.0,1.0,1.0,1.0,1.0,363446,3.63,117, -, -,,2024-05-13
SPYL, BE, 13-May-2024,2.9,2.95,2.95,2.95,2.95,2.95,2.95,387150,11.42,124, -, -,,2024-05-13
SREEL, EQ, 13-May-2024,291.4,290.25,300.15,282.0,285.2,286.1,288.89,7234,20.9,977, 2473, 34.19,0.34185789328172517,2024-05-13
SRF, EQ, 13-May-2024,2278.05,2278.9,2297.5,2210.0,2230.4,2226.5,2229.95,896229,19985.44,51961, 530134, 59.15,0.5915162307847659,2024-05-13
SRGHFL, EQ, 13-May-2024,272.7,273.75,273.75,270.0,272.5,271.0,271.66,1148,3.12,48, 1052, 91.64,0.9163763066202091,2024-05-13
SRHHYPOLTD, EQ, 13-May-2024,529.65,525.05,531.8,507.7,529.85,520.75,516.41,12889,66.56,2442, 6522, 50.60,0.5060128791993173,2024-05-13
SRM, EQ, 13-May-2024,179.8,180.0,180.15,170.65,175.85,175.6,174.16,195082,339.75,4648, 136644, 70.04,0.7004439158917788,2024-05-13
SRPL, BE, 13-May-2024,1.05,1.05,1.05,1.0,1.05,1.05,1.04,651499,6.78,464, -, -,,2024-05-13
SSWL, EQ, 13-May-2024,209.6,210.0,213.0,206.55,211.0,211.15,210.32,137028,288.19,4923, 87170, 63.61,0.636147356744607,2024-05-13
STAR, EQ, 13-May-2024,843.05,830.6,857.5,819.0,841.2,850.05,839.86,260311,2186.25,17496, 124393, 47.79,0.47786301769806117,2024-05-13
STARCEMENT, EQ, 13-May-2024,219.0,219.0,223.7,215.3,217.05,218.35,219.49,501086,1099.82,24035, 232873, 46.47,0.4647365921219112,2024-05-13
STARHEALTH, EQ, 13-May-2024,536.25,537.1,540.0,524.0,528.9,527.1,528.46,326403,1724.92,28663, 213837, 65.51,0.6551318462146488,2024-05-13
STARPAPER, EQ, 13-May-2024,231.1,231.1,231.95,226.2,229.1,230.3,228.87,10711,24.51,724, 6079, 56.75,0.5675473811969004,2024-05-13
STCINDIA, EQ, 13-May-2024,135.05,135.95,135.95,132.1,133.1,133.2,133.47,22876,30.53,990, 7796, 34.08,0.3407938450778108,2024-05-13
STEELCAS, EQ, 13-May-2024,670.65,671.0,674.65,648.15,656.0,656.55,660.63,15972,105.52,1857, 9722, 60.87,0.6086902078637616,2024-05-13
STEELCITY, EQ, 13-May-2024,100.45,99.1,105.75,97.65,103.05,104.1,102.24,75345,77.03,838, 45166, 59.95,0.5994558364855,2024-05-13
STEELXIND, EQ, 13-May-2024,13.2,13.2,13.25,12.95,13.05,13.1,13.12,2717774,356.45,4743, 1432478, 52.71,0.5270776745969311,2024-05-13
STEL, EQ, 13-May-2024,314.95,314.95,320.0,303.9,308.9,308.55,310.15,10990,34.09,794, 6471, 58.88,0.5888080072793449,2024-05-13
STERTOOLS, EQ, 13-May-2024,361.5,382.0,383.0,362.8,366.0,365.1,368.61,464730,1713.02,20163, 159913, 34.41,0.3440987239902739,2024-05-13
STLTECH, EQ, 13-May-2024,121.55,121.5,123.85,118.05,122.2,122.0,121.22,2045300,2479.29,19363, 526027, 25.72,0.2571881875519484,2024-05-13
STOVEKRAFT, EQ, 13-May-2024,443.75,439.25,449.65,438.0,444.8,447.0,445.44,56499,251.67,4238, 39047, 69.11,0.6911095771606577,2024-05-13
STYLAMIND, EQ, 13-May-2024,1557.45,1557.8,1589.0,1530.5,1582.85,1583.65,1566.48,32574,510.26,4380, 18841, 57.84,0.5784060907472217,2024-05-13
STYRENIX, EQ, 13-May-2024,1659.8,1669.0,1730.0,1635.95,1667.95,1669.5,1664.41,41162,685.1,5797, 17975, 43.67,0.4366891793401681,2024-05-13
SUBEXLTD, EQ, 13-May-2024,28.45,28.0,28.3,27.0,27.6,27.75,27.59,6674420,1841.54,10463, 2267170, 33.97,0.3396804516347488,2024-05-13
SUBROS, EQ, 13-May-2024,581.6,586.8,586.8,561.2,582.0,578.35,573.35,62384,357.68,7264, 27757, 44.49,0.44493780456527315,2024-05-13
SUDARSCHEM, EQ, 13-May-2024,719.45,710.0,725.15,709.65,720.0,720.35,718.09,123949,890.06,12948, 67626, 54.56,0.5455953658359487,2024-05-13
SUKHJITS, EQ, 13-May-2024,445.7,447.9,456.0,436.0,445.0,444.8,443.33,7316,32.43,936, 3558, 48.63,0.48633132859486056,2024-05-13
SULA, EQ, 13-May-2024,476.5,477.15,488.8,476.7,482.0,482.3,483.29,708401,3423.64,37594, 289437, 40.86,0.4085779099690712,2024-05-13
SUMEETINDS, BE, 13-May-2024,2.3,2.4,2.4,2.4,2.4,2.4,2.4,40614,0.97,37, -, -,,2024-05-13
SUMICHEM, EQ, 13-May-2024,384.55,384.65,390.0,380.05,389.25,387.05,385.33,157988,608.78,8866, 76771, 48.59,0.485929311086918,2024-05-13
SUMIT, BE, 13-May-2024,74.05,74.05,74.1,71.4,73.4,73.15,72.26,6859,4.96,79, -, -,,2024-05-13
SUMMITSEC, EQ, 13-May-2024,1440.1,1418.5,1450.0,1371.0,1419.9,1417.35,1402.21,16039,224.9,2386, 6735, 41.99,0.41991395972317475,2024-05-13
SUNCLAY, EQ, 13-May-2024,1653.05,1628.25,1629.7,1530.0,1559.9,1559.5,1572.25,21433,336.98,3850, 11457, 53.45,0.5345495264312042,2024-05-13
SUNDARAM, EQ, 13-May-2024,3.0,3.05,3.05,2.95,3.0,2.95,2.98,892422,26.57,716, 599388, 67.16,0.6716418913921889,2024-05-13
SUNDARMFIN, EQ, 13-May-2024,4565.5,4565.5,4716.0,4475.95,4656.5,4685.15,4616.42,126805,5853.85,27923, 52185, 41.15,0.41153739994479716,2024-05-13
SUNDARMHLD, EQ, 13-May-2024,227.7,233.2,248.2,226.9,240.0,240.5,237.05,168984,400.57,7377, 96509, 57.11,0.5711132414903186,2024-05-13
SUNDRMBRAK, EQ, 13-May-2024,723.65,733.4,733.4,707.7,718.1,719.3,715.86,3241,23.2,301, 2128, 65.66,0.6565874730021598,2024-05-13
SUNDRMFAST, EQ, 13-May-2024,1134.4,1139.35,1154.95,1120.2,1132.0,1134.75,1134.64,389963,4424.67,7998, 351786, 90.21,0.9021009685534269,2024-05-13
SUNFLAG, EQ, 13-May-2024,202.8,202.5,203.6,198.15,202.8,202.15,200.12,114355,228.85,4183, 48480, 42.39,0.4239429845656071,2024-05-13
SUNPHARMA, EQ, 13-May-2024,1506.55,1513.0,1530.0,1502.0,1525.0,1525.05,1515.27,1628326,24673.47,99352, 967606, 59.42,0.5942335871318152,2024-05-13
SUNTECK, EQ, 13-May-2024,412.95,414.8,414.8,406.55,412.95,410.7,410.12,297543,1220.29,14265, 180598, 60.70,0.606964371536215,2024-05-13
SUNTV, EQ, 13-May-2024,669.5,669.0,675.0,656.8,669.1,670.05,665.98,822124,5475.15,29236, 285727, 34.75,0.34754732862682514,2024-05-13
SUPERHOUSE, EQ, 13-May-2024,209.3,210.6,214.45,207.2,212.0,210.55,209.55,2597,5.44,180, 1067, 41.09,0.41085868309587986,2024-05-13
SUPERSPIN, BE, 13-May-2024,6.6,6.6,6.6,6.5,6.55,6.55,6.52,21876,1.43,28, -, -,,2024-05-13
SUPRAJIT, EQ, 13-May-2024,408.25,406.5,409.75,398.05,407.05,407.1,403.63,69761,281.58,7322, 36103, 51.75,0.5175241180602342,2024-05-13
SUPREMEENG, EQ, 13-May-2024,0.95,0.95,1.0,0.9,1.0,1.0,0.97,1400980,13.56,572, 1066299, 76.11,0.7611093663007323,2024-05-13
SUPREMEIND, EQ, 13-May-2024,5277.05,5277.05,5348.0,5103.0,5268.95,5294.7,5233.65,188791,9880.66,37481, 57686, 30.56,0.30555481988018496,2024-05-13
SUPREMEINF, BZ, 13-May-2024,76.75,72.95,80.55,72.95,80.55,80.55,76.03,81675,62.1,83, -, -,,2024-05-13
SUPRIYA, EQ, 13-May-2024,378.15,381.0,383.95,365.0,376.45,375.5,371.91,190021,706.71,13424, 78878, 41.51,0.4151014887828187,2024-05-13
SURAJEST, EQ, 13-May-2024,369.45,372.0,393.9,360.0,393.0,388.1,378.61,187545,710.06,3803, 112834, 60.16,0.6016369404676211,2024-05-13
SURANASOL, BE, 13-May-2024,37.3,39.0,39.0,35.45,36.9,36.5,36.58,221423,80.99,2115, -, -,,2024-05-13
SURANAT&P, BE, 13-May-2024,14.4,14.3,15.1,14.25,15.1,15.1,14.78,91405,13.51,697, -, -,,2024-05-13
SURYALAXMI, EQ, 13-May-2024,70.55,69.3,71.85,69.0,70.15,70.15,70.42,16045,11.3,273, 7303, 45.52,0.4551573698971642,2024-05-13
SURYAROSNI, EQ, 13-May-2024,575.8,575.75,581.2,546.5,557.9,557.3,556.46,695995,3872.97,26941, 295810, 42.50,0.4250174211021631,2024-05-13
SURYODAY, EQ, 13-May-2024,206.9,207.05,207.5,197.3,199.5,199.15,200.54,1047099,2099.88,20174, 466086, 44.51,0.445121234954861,2024-05-13
SUTLEJTEX, EQ, 13-May-2024,54.3,53.5,56.2,53.5,55.0,55.2,55.28,98515,54.46,1061, 53121, 53.92,0.5392173780642542,2024-05-13
SUULD, EQ, 13-May-2024,8.1,8.0,8.2,7.7,8.0,7.9,7.89,99137,7.83,330, 78463, 79.15,0.7914603024097966,2024-05-13
SUVEN, EQ, 13-May-2024,100.8,103.9,103.9,97.2,100.8,100.45,99.3,106195,105.45,993, 62262, 58.63,0.5862987899618626,2024-05-13
SUVENPHAR, EQ, 13-May-2024,643.9,640.0,674.0,634.95,663.0,663.0,650.13,153513,998.04,15818, 85719, 55.84,0.5583826776885346,2024-05-13
SUVIDHAA, EQ, 13-May-2024,5.8,5.6,5.9,5.55,5.7,5.65,5.64,212152,11.97,532, 124449, 58.66,0.5866030016214789,2024-05-13
SUZLON, BE, 13-May-2024,39.9,39.9,39.9,37.9,39.15,39.0,38.61,23030136,8892.49,94211, -, -,,2024-05-13
SVLL, EQ, 13-May-2024,207.6,211.0,216.3,211.0,215.0,214.95,214.61,2594,5.57,101, 1881, 72.51,0.7251349267540478,2024-05-13
SVPGLOB, EQ, 13-May-2024,6.5,6.5,6.55,6.35,6.5,6.45,6.48,27015,1.75,177, 22989, 85.10,0.8509716823986674,2024-05-13
SWANENERGY, EQ, 13-May-2024,529.15,531.95,547.7,503.25,536.0,535.35,526.0,1415860,7447.43,28363, 736424, 52.01,0.5201248711030751,2024-05-13
SWARAJENG, EQ, 13-May-2024,2425.1,2437.2,2437.2,2371.4,2425.1,2419.55,2399.43,12216,293.11,3257, 7034, 57.58,0.5758022265880812,2024-05-13
SWELECTES, EQ, 13-May-2024,1273.45,1273.3,1300.0,1209.8,1231.0,1227.55,1224.91,65633,803.94,3886, 30762, 46.87,0.46869714929989487,2024-05-13
SWSOLAR, EQ, 13-May-2024,708.5,703.05,708.45,673.1,687.9,688.95,682.85,1942167,13262.02,27960, 809033, 41.66,0.4165620155218372,2024-05-13
SYMPHONY, EQ, 13-May-2024,971.65,974.0,976.55,944.95,955.15,960.35,959.56,179018,1717.79,14077, 117913, 65.87,0.6586656090449005,2024-05-13
SYNCOMF, EQ, 13-May-2024,13.05,13.3,13.3,12.8,13.1,13.05,13.0,1232125,160.14,5383, 688123, 55.85,0.5584847316627777,2024-05-13
SYNGENE, EQ, 13-May-2024,666.65,666.6,677.5,660.1,675.0,674.75,671.55,617961,4149.92,26074, 293731, 47.53,0.47532287636274784,2024-05-13
SYRMA, EQ, 13-May-2024,472.95,474.0,475.0,386.3,395.0,392.45,407.31,4861627,19801.78,149144, 1961464, 40.35,0.4034583484088763,2024-05-13
TAINWALCHM, EQ, 13-May-2024,146.85,148.8,148.8,140.05,140.15,140.5,142.96,23924,34.2,808, 11913, 49.80,0.4979518475171376,2024-05-13
TAJGVK, EQ, 13-May-2024,362.75,362.75,363.0,347.05,356.95,357.4,353.53,205770,727.46,12629, 68670, 33.37,0.3337221169266657,2024-05-13
TAKE, EQ, 13-May-2024,21.7,21.7,21.85,21.05,21.85,21.55,21.37,118556,25.34,730, 68109, 57.45,0.5744880056682075,2024-05-13
TALBROAUTO, EQ, 13-May-2024,290.65,293.0,300.15,282.05,287.0,287.8,288.81,88937,256.85,2288, 58796, 66.11,0.6610971811507022,2024-05-13
TANLA, EQ, 13-May-2024,860.95,867.7,867.7,845.0,852.8,852.9,852.0,153253,1305.72,10173, 73866, 48.20,0.48198730204302687,2024-05-13
TARACHAND, BE, 13-May-2024,441.65,453.0,455.0,419.6,450.0,449.95,433.69,48536,210.5,1084, -, -,,2024-05-13
TARAPUR, BE, 13-May-2024,12.35,12.55,12.55,12.55,12.55,12.55,12.55,4823,0.61,16, -, -,,2024-05-13
TARC, EQ, 13-May-2024,141.7,141.95,143.05,137.0,140.95,139.75,140.11,309169,433.16,3614, 209931, 67.90,0.67901697776944,2024-05-13
TARMAT, BE, 13-May-2024,82.9,82.9,87.0,80.1,86.0,86.0,84.93,28418,24.13,294, -, -,,2024-05-13
TARSONS, EQ, 13-May-2024,435.3,436.05,437.5,425.0,425.1,427.65,428.49,20748,88.9,3602, 11184, 53.90,0.5390399074609601,2024-05-13
TASTYBITE, EQ, 13-May-2024,11213.85,11382.05,11382.05,11038.45,11294.55,11284.05,11201.01,767,85.91,491, 340, 44.33,0.44328552803129073,2024-05-13
TATACHEM, EQ, 13-May-2024,1058.65,1057.0,1065.0,1032.2,1062.3,1063.0,1049.95,598289,6281.74,25759, 165311, 27.63,0.2763062667038839,2024-05-13
TATACOMM, EQ, 13-May-2024,1742.05,1740.0,1748.6,1712.0,1745.1,1743.2,1731.39,179448,3106.94,14669, 73781, 41.12,0.41115532076144623,2024-05-13
TATACONSUM, EQ, 13-May-2024,1090.95,1086.1,1101.0,1076.05,1096.0,1096.95,1088.29,933422,10158.34,63869, 430434, 46.11,0.46113547784389053,2024-05-13
TATAELXSI, EQ, 13-May-2024,7127.4,7120.0,7120.0,7006.0,7100.0,7069.0,7044.42,84651,5963.17,17854, 45209, 53.41,0.5340633896823428,2024-05-13
TATAGOLD, EQ, 13-May-2024,7.24,7.25,7.3,7.16,7.18,7.17,7.2,2804147,201.96,7792, 2110373, 75.26,0.7525900033058182,2024-05-13
TATAINVEST, BE, 13-May-2024,6809.05,6711.1,6749.0,6470.0,6503.0,6508.1,6520.39,30969,2019.3,7084, -, -,,2024-05-13
TATAMOTORS, EQ, 13-May-2024,1046.65,1005.0,1008.7,947.2,959.4,959.75,965.73,58974762,569537.32,1249124, 26093189, 44.24,0.44244670287944526,2024-05-13
TATAMTRDVR, EQ, 13-May-2024,706.5,688.0,688.0,638.1,646.75,645.6,650.6,4757356,30951.55,110223, 2417844, 50.82,0.5082327242274911,2024-05-13
TATAPOWER, EQ, 13-May-2024,414.85,414.85,415.35,396.55,411.7,411.75,405.45,25148219,101963.47,317579, 9132894, 36.32,0.36316265577295953,2024-05-13
TATASTEEL, EQ, 13-May-2024,162.25,162.45,164.5,158.05,164.0,163.85,161.69,36561003,59116.8,226641, 13937816, 38.12,0.38122083248099076,2024-05-13
TATATECH, EQ, 13-May-2024,1009.65,1014.35,1026.85,1005.0,1018.75,1021.0,1013.92,436398,4424.71,37285, 225338, 51.64,0.5163589200683779,2024-05-13
TATSILV, EQ, 13-May-2024,8.35,8.36,8.36,8.19,8.29,8.29,8.27,368315,30.47,1440, 278383, 75.58,0.7558285706528379,2024-05-13
TATVA, EQ, 13-May-2024,1151.3,1170.0,1170.0,1105.0,1110.0,1109.3,1119.72,23028,257.85,4740, 15824, 68.72,0.687163453187424,2024-05-13
TBZ, EQ, 13-May-2024,110.9,111.45,111.85,106.55,108.0,109.35,108.22,233102,252.25,2739, 117355, 50.34,0.5034491338555653,2024-05-13
TCI, EQ, 13-May-2024,872.75,877.15,885.3,853.4,884.0,879.35,869.07,30353,263.79,3926, 12309, 40.55,0.405528283859915,2024-05-13
TCIEXP, EQ, 13-May-2024,1099.95,1069.0,1069.0,1001.0,1004.05,1009.75,1020.15,457730,4669.52,22051, 337860, 73.81,0.7381207261922967,2024-05-13
TCIFINANCE, BE, 13-May-2024,6.35,6.35,6.65,6.35,6.65,6.65,6.63,19465,1.29,204, -, -,,2024-05-13
TCLCONS, EQ, 13-May-2024,32.3,32.8,33.6,31.95,33.2,32.9,33.02,73508,24.27,479, 56764, 77.22,0.772215269086358,2024-05-13
TCNSBRANDS, EQ, 13-May-2024,436.75,436.75,448.0,430.05,441.0,442.5,438.07,160884,704.78,6545, 82725, 51.42,0.5141903483255016,2024-05-13
TCPLPACK, EQ, 13-May-2024,2065.25,2083.65,2144.95,2032.0,2120.0,2123.15,2104.82,4298,90.47,1166, 2906, 67.61,0.6761284318287576,2024-05-13
TCS, EQ, 13-May-2024,3893.9,3884.5,3955.0,3870.0,3947.0,3947.8,3923.12,931326,36537.0,96702, 476483, 51.16,0.5116178438054988,2024-05-13
TDPOWERSYS, EQ, 13-May-2024,291.25,291.45,309.0,283.15,302.55,301.8,294.96,1497439,4416.83,24022, 1018641, 68.03,0.6802554227584563,2024-05-13
TEAMLEASE, EQ, 13-May-2024,3236.95,3269.0,3269.0,3178.0,3242.5,3234.5,3216.83,14832,477.12,5492, 7637, 51.49,0.5149002157497303,2024-05-13
TECH, EQ, 13-May-2024,34.19,34.87,34.87,33.85,34.35,34.11,34.08,23120,7.88,356, 13932, 60.26,0.6025951557093425,2024-05-13
TECHIN, BE, 13-May-2024,35.95,35.25,35.3,35.25,35.3,35.3,35.26,944,0.33,10, -, -,,2024-05-13
TECHM, EQ, 13-May-2024,1264.4,1264.4,1266.35,1250.05,1260.8,1262.05,1258.65,593453,7469.51,34030, 214777, 36.19,0.361910715760136,2024-05-13
TECHNOE, EQ, 13-May-2024,1031.2,1031.25,1054.85,1001.15,1034.8,1038.55,1031.91,306120,3158.87,26286, 125598, 41.03,0.41029008232065856,2024-05-13
TECILCHEM, BE, 13-May-2024,23.25,23.25,23.25,23.25,23.25,23.25,23.25,214,0.05,6, -, -,,2024-05-13
TEGA, EQ, 13-May-2024,1538.6,1530.05,1553.95,1504.5,1525.1,1517.6,1534.43,74060,1136.4,7643, 37299, 50.36,0.503632190116122,2024-05-13
TEJASNET, EQ, 13-May-2024,1119.45,1124.95,1219.0,1088.45,1215.0,1199.85,1169.97,1636036,19141.1,47944, 660610, 40.38,0.40378695823319294,2024-05-13
TEMBO, EQ, 13-May-2024,252.0,248.0,250.0,229.7,244.85,244.65,238.95,134375,321.09,2510, 37491, 27.90,0.2790027906976744,2024-05-13
TERASOFT, BE, 13-May-2024,47.3,46.05,49.0,45.3,48.7,47.55,47.49,6095,2.89,94, -, -,,2024-05-13
TEXINFRA, EQ, 13-May-2024,89.7,89.7,90.05,87.0,89.3,89.1,88.55,117686,104.21,2243, 44410, 37.74,0.37736009380894925,2024-05-13
TEXMOPIPES, EQ, 13-May-2024,79.5,79.0,80.0,77.0,77.8,78.1,78.43,51563,40.44,658, 37047, 71.85,0.718480305645521,2024-05-13
TEXRAIL, EQ, 13-May-2024,172.45,172.9,173.0,164.5,168.7,168.4,168.7,1111784,1875.58,18509, 528158, 47.51,0.4750545069905665,2024-05-13
TFCILTD, EQ, 13-May-2024,160.75,160.05,163.4,155.1,162.0,161.75,159.31,514501,819.64,5601, 213176, 41.43,0.4143354434685258,2024-05-13
TFL, BE, 13-May-2024,15.8,15.9,15.9,15.05,15.05,15.05,15.14,71323,10.8,137, -, -,,2024-05-13
TGBHOTELS, EQ, 13-May-2024,15.95,16.15,17.45,16.05,16.8,16.65,16.82,622162,104.67,1197, 401694, 64.56,0.6456421317920413,2024-05-13
THANGAMAYL, EQ, 13-May-2024,1227.1,1227.0,1246.2,1191.05,1225.9,1227.05,1218.61,22439,273.44,3222, 6702, 29.87,0.29867641160479524,2024-05-13
THEINVEST, EQ, 13-May-2024,148.05,155.0,155.0,140.65,140.65,140.9,143.09,47311,67.7,1095, 24749, 52.31,0.5231130181141807,2024-05-13
THEJO, EQ, 13-May-2024,2822.2,2822.2,2949.0,2758.65,2876.3,2910.85,2857.05,17407,497.33,4510, 4878, 28.02,0.2802320905382892,2024-05-13
THEMISMED, EQ, 13-May-2024,209.0,209.4,210.0,202.15,205.05,205.2,204.94,22711,46.54,1190, 14880, 65.52,0.6551891154066312,2024-05-13
THERMAX, EQ, 13-May-2024,4581.9,4650.0,4680.0,4542.0,4610.5,4609.25,4605.84,159155,7330.42,20634, 98325, 61.78,0.617793974427445,2024-05-13
THOMASCOOK, EQ, 13-May-2024,200.65,203.95,215.0,199.6,214.5,212.9,209.42,1502138,3145.73,23219, 871189, 58.00,0.5799660217636462,2024-05-13
THOMASCOTT, BE, 13-May-2024,249.1,244.15,244.15,244.15,244.15,244.15,244.15,1802,4.4,25, -, -,,2024-05-13
THYROCARE, EQ, 13-May-2024,626.1,629.9,647.65,614.05,623.75,619.3,630.93,89566,565.1,8859, 19902, 22.22,0.22220485452068867,2024-05-13
TI, EQ, 13-May-2024,219.5,220.0,223.75,212.1,220.25,220.65,218.36,442316,965.83,13907, 179886, 40.67,0.40669114388808003,2024-05-13
TIDEWATER, EQ, 13-May-2024,1775.95,1794.05,1794.25,1734.0,1779.8,1774.2,1761.4,50746,893.84,6029, 22406, 44.15,0.44153233752413984,2024-05-13
TIIL, EQ, 13-May-2024,2194.25,2174.6,2273.0,2174.45,2207.8,2203.5,2210.21,8364,184.86,2598, 3818, 45.65,0.4564801530368245,2024-05-13
TIINDIA, EQ, 13-May-2024,4069.95,4090.0,4090.0,3900.0,3920.0,3935.1,3947.92,239543,9456.97,31042, 119765, 50.00,0.49997286499709864,2024-05-13
TIJARIA, BE, 13-May-2024,23.55,24.0,24.0,24.0,24.0,24.0,24.0,43949,10.55,35, -, -,,2024-05-13
TIL, BZ, 13-May-2024,194.4,194.4,204.1,184.7,184.7,185.4,188.26,157070,295.7,450, -, -,,2024-05-13
TIMESGTY, BE, 13-May-2024,100.0,100.0,101.5,100.0,101.5,101.5,100.34,4714,4.73,16, -, -,,2024-05-13
TIMETECHNO, EQ, 13-May-2024,264.5,264.85,268.6,253.0,263.65,264.6,261.24,1183974,3093.02,18693, 255244, 21.56,0.21558243677648325,2024-05-13
TIMKEN, EQ, 13-May-2024,3400.65,3420.0,3519.0,3393.85,3505.0,3500.25,3467.62,144377,5006.45,21155, 87736, 60.77,0.6076868199228409,2024-05-13
TIPSFILMS, EQ, 13-May-2024,547.15,545.0,574.0,531.05,553.65,552.6,556.3,9069,50.45,609, 5901, 65.07,0.6506781343036718,2024-05-13
TIPSINDLTD, EQ, 13-May-2024,424.25,422.25,436.55,416.9,433.9,432.35,428.27,256742,1099.55,25013, 162630, 63.34,0.6334374586160426,2024-05-13
TIRUMALCHM, EQ, 13-May-2024,257.0,258.0,264.7,248.35,264.7,262.15,255.59,258907,661.75,8693, 129483, 50.01,0.5001139405269074,2024-05-13
TIRUPATIFL, EQ, 13-May-2024,19.0,17.95,18.05,17.1,17.5,17.5,17.51,1303354,228.27,3774, 744162, 57.10,0.5709592328714992,2024-05-13
TITAGARH, EQ, 13-May-2024,1098.7,1107.9,1107.9,1050.1,1067.5,1068.15,1067.65,825342,8811.76,39331, 274490, 33.26,0.33257728311415147,2024-05-13
TITAN, EQ, 13-May-2024,3289.85,3307.5,3308.0,3230.5,3256.4,3253.65,3256.12,1294603,42153.84,115253, 869038, 67.13,0.6712776040222369,2024-05-13
TMB, EQ, 13-May-2024,468.7,475.9,475.9,462.55,467.5,465.7,465.52,56938,265.06,6500, 33614, 59.04,0.5903614457831325,2024-05-13
TNIDETF, EQ, 13-May-2024,77.46,77.46,77.99,71.98,77.92,77.34,76.98,27691,21.32,848, 23318, 84.21,0.8420786537142032,2024-05-13
TNPETRO, EQ, 13-May-2024,82.0,82.2,83.05,80.7,82.5,82.35,81.67,119907,97.93,1457, 44291, 36.94,0.3693779345659553,2024-05-13
TNPL, EQ, 13-May-2024,273.1,273.1,274.05,267.15,271.35,271.75,270.39,60518,163.63,2645, 28533, 47.15,0.47147955980038997,2024-05-13
TNTELE, BE, 13-May-2024,10.6,10.6,10.6,10.4,10.4,10.4,10.42,501,0.05,10, -, -,,2024-05-13
TOKYOPLAST, EQ, 13-May-2024,103.75,106.0,106.0,100.35,103.9,104.05,102.61,39282,40.31,785, 26471, 67.39,0.6738709841657756,2024-05-13
TORNTPHARM, EQ, 13-May-2024,2599.9,2609.7,2625.0,2575.0,2605.05,2604.6,2603.08,235650,6134.15,23090, 162547, 68.98,0.6897814555484829,2024-05-13
TORNTPOWER, EQ, 13-May-2024,1326.95,1329.6,1336.25,1296.0,1314.05,1315.15,1310.89,399623,5238.6,45839, 238064, 59.57,0.5957214674831028,2024-05-13
TOTAL, EQ, 13-May-2024,97.65,106.0,106.0,99.9,101.0,100.55,102.67,35597,36.55,754, 11217, 31.51,0.3151108239458381,2024-05-13
TOUCHWOOD, EQ, 13-May-2024,147.75,151.95,151.95,140.4,147.8,145.3,143.86,794,1.14,53, 391, 49.24,0.4924433249370277,2024-05-13
TPHQ, BE, 13-May-2024,1.15,1.15,1.15,1.1,1.1,1.1,1.11,515009,5.73,247, -, -,,2024-05-13
TPLPLASTEH, EQ, 13-May-2024,89.55,92.05,92.25,89.1,90.45,90.45,90.78,515017,467.51,2495, 102538, 19.91,0.19909634050914823,2024-05-13
TRACXN, EQ, 13-May-2024,92.15,92.0,92.3,89.35,90.25,90.95,90.65,341117,309.22,3952, 167394, 49.07,0.4907231243239123,2024-05-13
TREEHOUSE, BE, 13-May-2024,18.9,19.1,19.6,18.05,19.5,19.5,19.04,33550,6.39,118, -, -,,2024-05-13
TREJHARA, BE, 13-May-2024,172.9,166.15,180.6,166.15,174.3,174.3,174.74,5729,10.01,71, -, -,,2024-05-13
TREL, EQ, 13-May-2024,43.55,43.35,43.8,41.1,43.35,43.55,42.73,655587,280.12,3532, 254846, 38.87,0.38872948975498295,2024-05-13
TRENT, EQ, 13-May-2024,4471.4,4475.7,4521.65,4358.0,4478.0,4465.7,4435.65,637292,28268.06,66485, 336065, 52.73,0.5273328395774621,2024-05-13
TRF, BE, 13-May-2024,636.35,623.65,623.65,623.65,623.65,623.65,623.65,1265,7.89,46, -, -,,2024-05-13
TRIDENT, EQ, 13-May-2024,38.25,38.25,38.25,37.25,38.0,38.05,37.76,7660453,2892.23,25153, 2150245, 28.07,0.28069423570642626,2024-05-13
TRIGYN, EQ, 13-May-2024,112.2,112.0,112.0,105.9,109.0,109.7,108.25,109124,118.12,2413, 50461, 46.24,0.4624188996004545,2024-05-13
TRIL, EQ, 13-May-2024,588.3,585.65,613.85,558.9,598.9,604.9,572.47,493411,2824.63,14805, 230565, 46.73,0.4672879202125611,2024-05-13
TRITURBINE, EQ, 13-May-2024,555.4,554.5,558.0,541.05,558.0,555.5,549.17,348470,1913.68,24033, 146040, 41.91,0.4190891611903464,2024-05-13
TRIVENI, EQ, 13-May-2024,344.4,345.1,347.85,340.75,346.0,346.25,343.45,245428,842.92,10973, 133887, 54.55,0.5455245530257347,2024-05-13
TRU, EQ, 13-May-2024,65.35,64.65,65.2,59.75,60.5,61.45,61.68,6883895,4246.17,23126, 1701254, 24.71,0.24713537902597293,2024-05-13
TTKHLTCARE, EQ, 13-May-2024,1464.3,1467.95,1515.0,1460.0,1512.0,1509.6,1480.67,4747,70.29,989, 3118, 65.68,0.656835896355593,2024-05-13
TTKPRESTIG, EQ, 13-May-2024,700.9,703.55,704.35,690.05,692.25,696.0,696.71,36532,254.52,4301, 20851, 57.08,0.570759881747509,2024-05-13
TTL, EQ, 13-May-2024,107.9,109.0,109.95,107.55,108.0,108.65,108.55,9663,10.49,283, 5671, 58.69,0.5868777812273621,2024-05-13
TTML, EQ, 13-May-2024,75.9,75.65,76.05,74.15,75.25,75.15,75.01,1861689,1396.48,12703, 802312, 43.10,0.4309591988780081,2024-05-13
TV18BRDCST, EQ, 13-May-2024,42.2,42.45,42.5,41.0,42.15,41.95,41.73,2014981,840.79,8365, 1084643, 53.83,0.5382894429277497,2024-05-13
TVSELECT, EQ, 13-May-2024,311.0,315.75,331.0,305.05,323.0,323.2,320.38,142401,456.22,11156, 37717, 26.49,0.2648647130287006,2024-05-13
TVSHLTD, EQ, 13-May-2024,10195.35,10524.35,10745.0,9728.35,10500.0,10503.95,10313.33,17655,1820.82,5842, 8152, 46.17,0.4617388841687907,2024-05-13
TVSMOTOR, EQ, 13-May-2024,2063.55,2063.55,2085.4,1975.45,2063.15,2068.6,2043.4,1593052,32552.44,84563, 631407, 39.64,0.3963505271642106,2024-05-13
TVSSCS, EQ, 13-May-2024,167.8,168.45,170.9,165.0,167.8,168.75,168.31,688662,1159.07,10428, 188799, 27.42,0.27415335825121756,2024-05-13
TVSSRICHAK, EQ, 13-May-2024,3995.05,4250.0,4250.0,3900.0,3969.35,3967.15,4062.94,23329,947.84,5715, 6564, 28.14,0.2813665395001929,2024-05-13
TVTODAY, EQ, 13-May-2024,228.8,229.7,230.9,223.85,226.15,227.8,227.19,118704,269.69,5938, 65437, 55.13,0.5512619625286427,2024-05-13
TVVISION, BE, 13-May-2024,4.75,4.95,4.95,4.55,4.75,4.75,4.86,26317,1.28,92, -, -,,2024-05-13
UBL, EQ, 13-May-2024,1919.3,1919.05,1951.45,1885.55,1945.0,1946.35,1919.98,149030,2861.34,13371, 50521, 33.90,0.33899885929007584,2024-05-13
UCAL, EQ, 13-May-2024,164.8,165.6,168.6,162.05,168.0,167.3,165.59,20881,34.58,820, 11197, 53.62,0.5362291078013505,2024-05-13
UCOBANK, EQ, 13-May-2024,52.95,52.95,53.0,51.0,51.65,51.65,51.71,8255633,4268.63,19951, 1942478, 23.53,0.2352912247916059,2024-05-13
UDAICEMENT, EQ, 13-May-2024,36.95,37.25,37.55,36.15,37.5,37.35,36.81,301960,111.16,1746, 160608, 53.19,0.5318850178831633,2024-05-13
UDS, EQ, 13-May-2024,306.25,307.95,308.25,298.05,302.0,302.5,302.12,59186,178.82,4716, 28184, 47.62,0.4761936944547697,2024-05-13
UEL, BE, 13-May-2024,39.8,41.75,41.75,41.75,41.75,41.75,41.75,30224,12.62,76, -, -,,2024-05-13
UFLEX, EQ, 13-May-2024,426.45,428.55,430.2,420.0,426.15,425.8,423.25,24205,102.45,1805, 12841, 53.05,0.5305102251600909,2024-05-13
UFO, EQ, 13-May-2024,131.75,130.85,131.95,126.1,128.2,127.9,127.99,125248,160.3,3117, 61663, 49.23,0.4923272227899847,2024-05-13
UGARSUGAR, EQ, 13-May-2024,74.3,74.3,76.75,72.8,76.75,75.75,74.2,87020,64.57,1110, 42408, 48.73,0.4873362445414847,2024-05-13
UGROCAP, EQ, 13-May-2024,259.15,260.05,264.75,251.95,262.6,261.75,257.2,332983,856.45,11544, 142887, 42.91,0.42911199670854067,2024-05-13
UJJIVANSFB, EQ, 13-May-2024,53.05,53.05,53.05,51.15,52.35,52.3,51.89,4354399,2259.53,21639, 1553863, 35.68,0.35684901636253363,2024-05-13
ULTRACEMCO, EQ, 13-May-2024,9491.7,9515.95,9578.0,9427.1,9556.95,9551.5,9513.06,215387,20489.9,33173, 133111, 61.80,0.6180085149057278,2024-05-13
UMAEXPORTS, BE, 13-May-2024,95.05,93.5,96.0,93.15,96.0,96.0,95.32,13840,13.19,120, -, -,,2024-05-13
UMANGDAIRY, EQ, 13-May-2024,87.4,86.3,88.8,85.0,88.0,87.9,86.71,35132,30.46,418, 22554, 64.20,0.6419788227257202,2024-05-13
UMESLTD, EQ, 13-May-2024,5.05,5.2,5.2,4.85,5.0,5.05,5.06,14028,0.71,100, 13414, 95.62,0.9562303963501568,2024-05-13
UNICHEMLAB, EQ, 13-May-2024,567.65,567.75,571.45,545.0,560.0,559.2,558.87,16370,91.49,2750, 9336, 57.03,0.5703115455100795,2024-05-13
UNIDT, EQ, 13-May-2024,254.85,256.9,257.8,244.5,249.5,247.35,248.69,16448,40.91,1717, 9782, 59.47,0.5947227626459144,2024-05-13
UNIENTER, EQ, 13-May-2024,150.55,145.25,158.9,141.8,158.0,156.25,149.64,38449,57.53,1353, 21003, 54.63,0.5462560794819111,2024-05-13
UNIINFO, BE, 13-May-2024,31.4,30.8,32.95,29.85,32.95,32.1,30.2,20209,6.1,135, -, -,,2024-05-13
UNIONBANK, EQ, 13-May-2024,142.0,138.95,139.4,130.35,136.8,136.4,134.68,33666442,45341.69,159986, 10555913, 31.35,0.31354406266037854,2024-05-13
UNIPARTS, EQ, 13-May-2024,521.95,521.5,525.5,513.25,520.05,522.55,520.3,45021,234.24,4972, 22566, 50.12,0.5012327580462451,2024-05-13
UNITECH, BZ, 13-May-2024,10.45,10.5,10.6,10.0,10.25,10.2,10.23,4093454,418.74,4255, -, -,,2024-05-13
UNITEDPOLY, EQ, 13-May-2024,93.0,92.55,94.5,92.05,92.75,92.95,92.92,1802,1.67,75, 1197, 66.43,0.6642619311875694,2024-05-13
UNITEDTEA, EQ, 13-May-2024,331.45,335.8,367.45,331.15,333.0,335.75,347.79,30551,106.25,1056, 17570, 57.51,0.5751039245851199,2024-05-13
UNIVAFOODS, BE, 13-May-2024,6.95,7.25,7.25,7.25,7.25,7.25,7.25,1352,0.1,4, -, -,,2024-05-13
UNIVASTU, BE, 13-May-2024,208.35,217.9,217.9,198.1,208.4,205.25,204.49,9063,18.53,149, -, -,,2024-05-13
UNIVCABLES, EQ, 13-May-2024,582.15,581.45,582.15,548.4,565.35,566.75,566.89,69019,391.26,7013, 23072, 33.43,0.33428476216693953,2024-05-13
UNIVPHOTO, EQ, 13-May-2024,363.25,357.0,363.9,350.0,354.4,353.95,357.42,1083,3.87,165, 717, 66.20,0.6620498614958449,2024-05-13
UNOMINDA, EQ, 13-May-2024,729.45,730.85,734.35,720.8,729.25,730.95,726.73,145421,1056.82,9422, 78902, 54.26,0.5425763816780245,2024-05-13
UPL, EQ, 13-May-2024,501.9,502.45,540.0,502.45,540.0,534.1,522.64,27039443,141319.46,343467, 5923212, 21.91,0.21905821062956068,2024-05-13
URAVI, BE, 13-May-2024,513.05,528.2,528.2,496.3,518.0,518.3,513.97,9150,47.03,238, -, -,,2024-05-13
URJA, EQ, 13-May-2024,21.0,21.3,21.3,20.05,20.6,20.6,20.53,1927903,395.75,13546, 1142843, 59.28,0.5927907161304278,2024-05-13
USHAMART, EQ, 13-May-2024,341.75,341.75,342.55,330.2,336.0,336.4,336.76,664113,2236.46,25518, 297553, 44.80,0.448045739204021,2024-05-13
USK, BE, 13-May-2024,49.1,49.95,51.5,47.3,50.7,50.25,49.75,134493,66.91,907, -, -,,2024-05-13
UTIAMC, EQ, 13-May-2024,909.9,913.5,913.5,891.0,897.65,896.45,899.8,86383,777.27,10054, 44843, 51.91,0.5191183450447426,2024-05-13
UTIBANKETF, EQ, 13-May-2024,48.46,48.46,48.97,47.96,48.75,48.64,48.3,42885,20.71,733, 24243, 56.53,0.5653025533403288,2024-05-13
UTINEXT50, EQ, 13-May-2024,67.6,68.14,68.7,66.74,68.0,68.22,67.49,105265,71.04,663, 36456, 34.63,0.3463259392960623,2024-05-13
UTINIFTETF, EQ, 13-May-2024,238.07,236.01,241.0,235.98,238.68,238.81,237.14,200556,475.6,933, 183571, 91.53,0.9153104369851812,2024-05-13
UTISENSETF, EQ, 13-May-2024,785.99,775.03,795.3,775.03,795.3,793.17,780.16,4189,32.68,170, 3624, 86.51,0.8651229410360468,2024-05-13
UTISXN50, EQ, 13-May-2024,78.52,79.96,79.96,77.07,78.92,78.91,78.21,1597,1.25,113, 1287, 80.59,0.8058860363180964,2024-05-13
UTKARSHBNK, EQ, 13-May-2024,53.1,53.6,53.65,51.6,53.0,53.0,52.4,2749579,1440.85,12649, 967990, 35.21,0.35205025933061024,2024-05-13
UTTAMSUGAR, EQ, 13-May-2024,324.1,324.05,332.0,320.0,328.0,329.05,324.33,52270,169.53,4071, 22013, 42.11,0.42114023340348195,2024-05-13
V2RETAIL, BE, 13-May-2024,440.15,439.45,440.0,421.0,440.0,434.4,429.59,19538,83.93,323, -, -,,2024-05-13
VADILALIND, EQ, 13-May-2024,4583.45,4600.0,4770.0,4513.25,4690.0,4711.0,4647.49,16791,780.36,5170, 5729, 34.12,0.3411946876302781,2024-05-13
VAIBHAVGBL, EQ, 13-May-2024,366.45,368.0,373.45,356.75,370.8,371.1,365.38,279127,1019.86,17353, 109621, 39.27,0.39272804135751826,2024-05-13
VAISHALI, EQ, 13-May-2024,169.0,170.25,174.2,163.8,168.9,168.25,168.89,195501,330.18,2301, 119697, 61.23,0.6122577378120828,2024-05-13
VAKRANGEE, EQ, 13-May-2024,25.9,25.7,26.9,25.4,26.0,26.1,26.2,16875422,4422.04,16670, 4111956, 24.37,0.24366537322740728,2024-05-13
VALIANTLAB, EQ, 13-May-2024,146.4,145.0,149.65,145.0,145.85,145.95,146.41,36643,53.65,1299, 19452, 53.09,0.5308517315721966,2024-05-13
VALIANTORG, EQ, 13-May-2024,407.9,402.1,414.95,402.1,403.0,407.25,408.64,23720,96.93,3818, 10627, 44.80,0.4480185497470489,2024-05-13
VARDHACRLC, EQ, 13-May-2024,54.7,55.7,55.7,53.6,54.55,54.2,54.25,26945,14.62,442, 15555, 57.73,0.5772870662460567,2024-05-13
VARDMNPOLY, EQ, 13-May-2024,93.95,95.8,98.6,91.8,97.5,97.85,97.12,165802,161.03,1000, 117436, 70.83,0.7082906116934657,2024-05-13
VARROC, EQ, 13-May-2024,496.35,499.0,513.35,483.4,507.3,507.3,498.48,174152,868.11,15593, 75620, 43.42,0.4342183839404658,2024-05-13
VASCONEQ, EQ, 13-May-2024,69.15,69.0,69.15,66.55,68.6,68.5,68.04,1011294,688.09,4680, 334198, 33.05,0.3304657201565519,2024-05-13
VASWANI, BE, 13-May-2024,32.6,31.05,33.8,31.0,32.9,32.65,31.71,43345,13.75,332, -, -,,2024-05-13
VBL, EQ, 13-May-2024,1463.3,1486.75,1496.2,1405.1,1474.0,1477.3,1453.24,6545232,95117.97,246249, 2509746, 38.34,0.38344645384609743,2024-05-13
VCL, BE, 13-May-2024,1.0,0.95,0.95,0.95,0.95,0.95,0.95,183868,1.75,141, -, -,,2024-05-13
VEDL, EQ, 13-May-2024,410.7,412.55,415.5,398.1,414.1,414.05,407.42,10884162,44344.57,95259, 3541079, 32.53,0.32534236443742753,2024-05-13
VENKEYS, EQ, 13-May-2024,1770.75,1781.0,1835.0,1772.65,1792.2,1790.25,1790.86,40740,729.6,5251, 19270, 47.30,0.4729995090819833,2024-05-13
VENUSPIPES, EQ, 13-May-2024,2081.05,2080.0,2080.0,2002.65,2060.0,2049.25,2037.99,77823,1586.02,17043, 38208, 49.10,0.49096025596546006,2024-05-13
VENUSREM, EQ, 13-May-2024,299.85,299.85,303.0,289.55,293.7,294.7,293.44,37394,109.73,2237, 24090, 64.42,0.6442209980210729,2024-05-13
VERANDA, EQ, 13-May-2024,171.1,171.75,172.95,167.5,169.75,170.05,170.26,38177,65.0,1883, 13087, 34.28,0.3427980197501113,2024-05-13
VERTOZ, BE, 13-May-2024,738.6,720.1,770.8,710.55,769.95,766.2,745.31,18751,139.75,478, -, -,,2024-05-13
VESUVIUS, EQ, 13-May-2024,4479.6,4509.0,4680.45,4351.3,4670.0,4661.95,4533.23,48265,2187.97,10254, 28404, 58.85,0.5885009841500052,2024-05-13
VETO, EQ, 13-May-2024,125.55,126.0,127.4,123.15,124.25,125.05,124.94,56373,70.43,1025, 30341, 53.82,0.538218650772533,2024-05-13
VGUARD, EQ, 13-May-2024,354.7,354.6,359.0,349.65,353.55,353.7,355.32,523787,1861.14,22905, 190007, 36.28,0.3627562348817363,2024-05-13
VHL, EQ, 13-May-2024,3060.65,3000.0,3073.0,2996.1,3005.0,3024.9,3033.54,1135,34.43,327, 445, 39.21,0.3920704845814978,2024-05-13
VHLTD, BE, 13-May-2024,64.2,67.4,67.4,67.4,67.4,67.4,67.4,1000,0.67,31, -, -,,2024-05-13
VIDHIING, EQ, 13-May-2024,459.45,461.75,461.75,446.1,453.5,456.2,457.54,47547,217.55,4238, 28818, 60.61,0.6060950217679348,2024-05-13
VIJAYA, EQ, 13-May-2024,802.9,793.8,799.8,762.1,765.15,765.4,778.46,1099467,8558.87,48937, 176822, 16.08,0.16082519984683488,2024-05-13
VIJIFIN, BE, 13-May-2024,3.55,3.7,3.7,3.7,3.7,3.7,3.7,92037,3.41,98, -, -,,2024-05-13
VIKASECO, EQ, 13-May-2024,3.75,3.75,3.8,3.75,3.8,3.75,3.77,5196161,195.97,6593, 3010691, 57.94,0.5794067966716197,2024-05-13
VIKASLIFE, EQ, 13-May-2024,5.0,5.05,5.05,4.9,5.0,4.95,4.99,17063374,851.07,8279, 7946545, 46.57,0.4657077199386241,2024-05-13
VIMTALABS, EQ, 13-May-2024,489.3,482.25,493.6,480.0,484.5,485.85,484.85,15594,75.61,2025, 6292, 40.35,0.4034885212261126,2024-05-13
VINATIORGA, EQ, 13-May-2024,1571.4,1577.55,1581.65,1548.3,1569.95,1571.0,1567.32,78346,1227.93,7289, 51903, 66.25,0.6624843642304649,2024-05-13
VINDHYATEL, EQ, 13-May-2024,2355.4,2376.0,2376.0,2275.0,2350.0,2360.25,2324.9,14657,340.76,3554, 7819, 53.35,0.5334652384526165,2024-05-13
VINEETLAB, BE, 13-May-2024,52.05,54.6,54.6,50.65,50.75,50.85,52.67,7401,3.9,97, -, -,,2024-05-13
VINNY, EQ, 13-May-2024,4.6,4.7,4.8,4.45,4.5,4.5,4.55,587277,26.73,1426, 370889, 63.15,0.6315401420454062,2024-05-13
VINYLINDIA, EQ, 13-May-2024,357.55,362.8,362.8,351.0,358.4,358.3,356.09,13501,48.08,1527, 6309, 46.73,0.467298718613436,2024-05-13
VIPCLOTHNG, EQ, 13-May-2024,36.85,37.0,37.4,36.0,36.95,36.75,36.6,157042,57.48,782, 91306, 58.14,0.5814113421887138,2024-05-13
VIPIND, EQ, 13-May-2024,527.85,506.0,518.25,495.05,508.0,509.7,505.86,1077389,5450.11,37980, 395447, 36.70,0.3670419876200704,2024-05-13
VIPULLTD, BE, 13-May-2024,38.65,39.4,39.4,39.4,39.4,39.4,39.4,174893,68.91,57, -, -,,2024-05-13
VIRINCHI, EQ, 13-May-2024,35.65,36.6,37.4,35.1,35.75,35.9,36.24,1602390,580.72,3691, 624125, 38.95,0.38949631487964853,2024-05-13
VISAKAIND, EQ, 13-May-2024,100.7,100.7,101.4,98.55,99.75,99.9,99.72,167720,167.24,1715, 108916, 64.94,0.6493918435487718,2024-05-13
VISASTEEL, BE, 13-May-2024,21.0,19.95,21.0,19.95,20.5,20.45,20.12,19667,3.96,61, -, -,,2024-05-13
VISHNU, EQ, 13-May-2024,290.45,291.2,291.2,282.2,288.5,289.15,286.79,40045,114.85,3247, 22275, 55.62,0.5562492196279186,2024-05-13
VISHWARAJ, EQ, 13-May-2024,16.1,16.1,16.25,15.65,15.85,15.8,15.84,668651,105.94,1819, 332655, 49.75,0.4975016862309336,2024-05-13
VIVIDHA, BE, 13-May-2024,1.0,1.05,1.05,1.0,1.05,1.0,1.03,1241657,12.73,1269, -, -,,2024-05-13
VLEGOV, BE, 13-May-2024,57.65,57.5,60.5,56.1,59.85,59.85,58.02,827940,480.4,886, -, -,,2024-05-13
VLSFINANCE, EQ, 13-May-2024,251.0,251.6,251.65,241.85,244.4,244.25,245.84,65472,160.96,2624, 46012, 70.28,0.7027737047898338,2024-05-13
VMART, EQ, 13-May-2024,2104.05,2106.85,2186.95,2100.2,2167.0,2164.5,2143.13,104197,2233.07,5509, 92178, 88.47,0.8846511895735961,2024-05-13
VOLTAMP, EQ, 13-May-2024,9842.55,9925.0,10103.95,9574.05,10050.0,10073.95,9899.19,16533,1636.63,5436, 9666, 58.46,0.5846488840500816,2024-05-13
VOLTAS, EQ, 13-May-2024,1287.55,1281.1,1311.95,1257.5,1301.85,1301.85,1286.56,2142147,27560.01,95039, 854859, 39.91,0.39906645062173607,2024-05-13
VPRPL, EQ, 13-May-2024,149.85,150.0,150.0,147.25,149.65,148.55,148.44,285588,423.93,4284, 163240, 57.16,0.5715926439486253,2024-05-13
VRLLOG, EQ, 13-May-2024,545.05,557.7,557.7,541.8,547.95,548.45,546.68,33463,182.94,3905, 11819, 35.32,0.35319606729820996,2024-05-13
VSSL, EQ, 13-May-2024,278.65,281.6,299.65,272.1,297.3,298.05,292.12,525860,1536.14,19778, 200507, 38.13,0.3812935001711482,2024-05-13
VSTIND, EQ, 13-May-2024,3756.8,3781.05,3825.6,3741.0,3786.0,3778.05,3778.38,26259,992.16,5171, 14007, 53.34,0.5334171141322975,2024-05-13
VSTL, EQ, 13-May-2024,267.8,269.9,272.4,258.75,264.0,262.95,262.88,57819,151.99,4549, 30857, 53.37,0.5336826994586554,2024-05-13
VSTTILLERS, EQ, 13-May-2024,3301.2,3305.0,3334.7,3250.0,3330.0,3325.6,3301.62,6697,221.11,2131, 3032, 45.27,0.4527400328505301,2024-05-13
VTL, EQ, 13-May-2024,436.85,436.85,450.0,425.05,450.0,447.65,441.88,275584,1217.75,15430, 158460, 57.50,0.5749970970738505,2024-05-13
WABAG, EQ, 13-May-2024,865.7,880.0,919.9,868.6,906.0,902.85,901.01,1661234,14967.94,66289, 497197, 29.93,0.2992937779987648,2024-05-13
WALCHANNAG, EQ, 13-May-2024,185.2,190.0,194.45,182.65,194.45,194.45,188.32,142134,267.66,1478, 95822, 67.42,0.6741666314885952,2024-05-13
WANBURY, EQ, 13-May-2024,137.4,142.0,144.0,133.15,138.6,141.15,137.7,54797,75.46,1148, 37905, 69.17,0.691734948993558,2024-05-13
WEALTH, EQ, 13-May-2024,838.1,850.0,850.0,754.0,767.9,769.2,784.82,19646,154.19,3612, 8851, 45.05,0.45052427975160336,2024-05-13
WEBELSOLAR, BE, 13-May-2024,629.1,629.1,629.5,597.65,597.65,598.55,600.23,243342,1460.6,5105, -, -,,2024-05-13
WEIZMANIND, EQ, 13-May-2024,119.7,124.7,124.7,114.25,115.55,115.85,116.17,20506,23.82,623, 10439, 50.91,0.5090705159465523,2024-05-13
WEL, BE, 13-May-2024,1039.0,1039.0,1039.0,987.05,987.05,987.05,990.85,6352,62.94,323, -, -,,2024-05-13
WELCORP, EQ, 13-May-2024,555.15,571.0,587.7,561.8,584.85,583.65,577.8,1411399,8155.09,46923, 434196, 30.76,0.30763519033242903,2024-05-13
WELENT, EQ, 13-May-2024,375.75,375.9,376.15,362.35,366.5,367.85,368.79,211461,779.85,10411, 103099, 48.76,0.4875556249142868,2024-05-13
WELINV, EQ, 13-May-2024,745.25,745.5,768.0,729.05,765.0,752.55,750.82,779,5.85,65, 709, 91.01,0.9101412066752247,2024-05-13
WELSPUNLIV, EQ, 13-May-2024,140.1,140.0,140.6,136.8,139.75,139.1,138.09,859691,1187.15,10414, 368847, 42.90,0.42904601769705625,2024-05-13
WENDT, EQ, 13-May-2024,14035.7,14033.0,14500.0,13702.0,13731.7,13792.9,14042.26,1238,173.84,645, 618, 49.92,0.4991922455573506,2024-05-13
WESTLIFE, EQ, 13-May-2024,844.6,840.9,842.6,822.05,830.0,827.8,829.93,212855,1766.55,8017, 188661, 88.63,0.8863357684808908,2024-05-13
WEWIN, BE, 13-May-2024,73.95,74.0,74.0,70.55,71.5,71.7,71.77,7268,5.22,120, -, -,,2024-05-13
WHEELS, EQ, 13-May-2024,558.7,558.05,560.5,548.0,558.5,559.05,554.73,20891,115.89,2091, 10689, 51.17,0.5116557369202048,2024-05-13
WHIRLPOOL, EQ, 13-May-2024,1429.2,1417.95,1436.35,1414.5,1417.0,1423.45,1422.17,44149,627.87,6390, 18862, 42.72,0.42723504496138076,2024-05-13
WILLAMAGOR, EQ, 13-May-2024,38.95,39.4,39.4,37.5,38.0,38.05,37.84,13183,4.99,265, 7392, 56.07,0.5607221421527725,2024-05-13
WINDLAS, EQ, 13-May-2024,504.55,504.6,517.7,500.0,515.0,513.8,508.12,27458,139.52,2987, 13944, 50.78,0.5078301405783379,2024-05-13
WINDMACHIN, EQ, 13-May-2024,78.3,79.45,79.45,75.05,75.5,76.5,76.72,123706,94.91,1448, 84491, 68.30,0.6829983994309088,2024-05-13
WINSOME, BE, 13-May-2024,3.6,3.6,3.65,3.55,3.55,3.55,3.6,27025,0.97,87, -, -,,2024-05-13
WIPL, EQ, 13-May-2024,156.7,157.2,164.5,150.0,153.1,154.75,157.96,954,1.51,88, 507, 53.14,0.5314465408805031,2024-05-13
WIPRO, EQ, 13-May-2024,451.85,451.85,453.25,445.0,452.7,451.95,449.32,3555804,15976.91,70590, 1497674, 42.12,0.42119138175220006,2024-05-13
WOCKPHARMA, BE, 13-May-2024,531.1,530.05,541.3,515.0,540.75,536.95,524.38,296178,1553.1,3752, -, -,,2024-05-13
WONDERLA, EQ, 13-May-2024,952.4,956.0,979.4,921.0,947.0,951.45,944.04,75106,709.03,11107, 30909, 41.15,0.41153835911911163,2024-05-13
WORTH, EQ, 13-May-2024,113.75,113.75,117.2,113.55,116.0,116.2,114.79,41805,47.99,243, 10356, 24.77,0.24772156440617152,2024-05-13
WSI, EQ, 13-May-2024,145.45,144.0,151.45,144.0,148.0,148.55,146.42,76046,111.34,1913, 47455, 62.40,0.6240301922520579,2024-05-13
WSTCSTPAPR, EQ, 13-May-2024,637.95,633.0,637.0,616.05,627.8,628.7,625.77,74189,464.25,5921, 28973, 39.05,0.3905295933359393,2024-05-13
XCHANGING, EQ, 13-May-2024,114.6,114.95,115.6,113.05,114.0,114.25,114.09,103056,117.57,2305, 62289, 60.44,0.6044189566837448,2024-05-13
XELPMOC, BE, 13-May-2024,145.6,150.0,150.2,142.0,145.0,145.95,147.12,12823,18.87,175, -, -,,2024-05-13
XPROINDIA, EQ, 13-May-2024,1022.35,1022.4,1024.85,989.05,1019.7,1008.1,1002.59,35142,352.33,2976, 23312, 66.34,0.6633657731489386,2024-05-13
YAARI, BE, 13-May-2024,11.15,10.95,10.95,10.95,10.95,10.95,10.95,31238,3.42,23, -, -,,2024-05-13
YASHO, EQ, 13-May-2024,1843.25,1860.0,2029.8,1782.75,1929.95,1907.2,1901.92,40088,762.44,7460, 14960, 37.32,0.37317900618638994,2024-05-13
YATHARTH, EQ, 13-May-2024,432.1,442.0,446.4,422.6,444.5,445.25,435.97,127840,557.34,9482, 66909, 52.34,0.523380788485607,2024-05-13
YATRA, EQ, 13-May-2024,141.2,141.6,143.35,138.95,143.35,142.5,141.15,169087,238.67,4105, 103597, 61.27,0.6126845943212665,2024-05-13
YESBANK, EQ, 13-May-2024,22.5,22.5,22.55,21.85,22.3,22.25,22.13,260499591,57654.72,185965, 70229440, 26.96,0.26959520255062513,2024-05-13
YUKEN, EQ, 13-May-2024,1224.75,1229.05,1230.6,1170.0,1230.0,1206.0,1200.04,40771,489.27,2069, 24729, 60.65,0.6065340560692649,2024-05-13
ZAGGLE, EQ, 13-May-2024,287.5,287.9,289.0,274.15,276.0,276.75,279.8,1744382,4880.79,37272, 793432, 45.48,0.4548499124618346,2024-05-13
ZEEL, EQ, 13-May-2024,131.25,131.8,132.6,129.25,129.7,129.8,130.86,7114440,9309.79,42214, 2572670, 36.16,0.36161243892702727,2024-05-13
ZEELEARN, BE, 13-May-2024,5.9,5.9,6.15,5.6,5.9,5.9,5.95,386868,23.02,564, -, -,,2024-05-13
ZEEMEDIA, EQ, 13-May-2024,12.15,12.2,12.65,11.75,12.6,12.35,12.1,10569805,1279.22,7138, 5250086, 49.67,0.4967060414075756,2024-05-13
ZENITHEXPO, EQ, 13-May-2024,175.7,180.0,180.0,166.55,172.05,172.1,173.48,892,1.55,118, 404, 45.29,0.452914798206278,2024-05-13
ZENITHSTL, EQ, 13-May-2024,7.7,7.85,7.85,7.45,7.65,7.6,7.58,119710,9.07,581, 90611, 75.69,0.7569208921560437,2024-05-13
ZENSARTECH, EQ, 13-May-2024,603.45,605.0,612.4,588.05,609.95,608.15,602.48,593353,3574.84,33422, 239574, 40.38,0.40376302133805675,2024-05-13
ZENTEC, EQ, 13-May-2024,934.15,966.4,967.95,912.0,926.1,930.75,935.75,477725,4470.3,17824, 297671, 62.31,0.6231011565231043,2024-05-13
ZFCVINDIA, EQ, 13-May-2024,13426.65,13466.65,13485.0,13065.0,13100.0,13111.35,13149.25,8715,1145.96,2665, 6157, 70.65,0.706483075157774,2024-05-13
ZIMLAB, EQ, 13-May-2024,115.05,116.8,122.55,109.95,119.25,118.6,117.67,751896,884.73,7420, 432558, 57.53,0.5752896677200038,2024-05-13
ZODIAC, BE, 13-May-2024,574.1,585.55,585.55,583.9,584.0,584.0,584.89,25007,146.26,451, -, -,,2024-05-13
ZODIACLOTH, EQ, 13-May-2024,110.3,110.2,111.9,108.2,109.9,109.4,109.44,4629,5.07,193, 2825, 61.03,0.6102829984877943,2024-05-13
ZOMATO, EQ, 13-May-2024,201.3,205.8,207.2,186.75,196.65,194.3,196.83,114135952,224653.25,397413, 49766474, 43.60,0.4360280273475968,2024-05-13
ZOTA, EQ, 13-May-2024,474.4,473.0,484.0,462.75,479.0,479.15,474.54,29604,140.48,1781, 14698, 49.65,0.4964869612214566,2024-05-13
ZUARI, EQ, 13-May-2024,171.45,171.0,172.0,162.0,164.7,163.3,165.0,508791,839.52,12787, 322460, 63.38,0.6337769339473379,2024-05-13
ZUARIIND, EQ, 13-May-2024,314.55,319.0,323.1,305.3,318.1,318.7,313.92,89101,279.7,7923, 42512, 47.71,0.4771214688948497,2024-05-13
ZYDUSLIFE, EQ, 13-May-2024,982.15,991.2,997.0,970.6,994.8,992.5,989.17,1082684,10709.57,58536, 562990, 52.00,0.5199947537785725,2024-05-13
ZYDUSWELL, EQ, 13-May-2024,1711.55,1712.0,1720.35,1680.2,1687.0,1686.5,1691.46,17236,291.54,2967, 8714, 50.56,0.5055697377581806,2024-05-13
